trade_time,open,high,low,close,vol,amount
2024-01-02 09:31:00,5.04,5.08,5.03,5.06,930700.0,4705477.0
2024-01-02 09:32:00,5.06,5.09,5.06,5.09,630800.0,3203363.0
2024-01-02 09:33:00,5.09,5.15,5.08,5.12,819200.0,4192508.0
2024-01-02 09:34:00,5.12,5.12,5.1,5.11,412600.0,2111236.0
2024-01-02 09:35:00,5.12,5.12,5.11,5.11,171800.0,878635.0
2024-01-02 09:36:00,5.12,5.15,5.12,5.13,855300.0,4390893.0
2024-01-02 09:37:00,5.13,5.13,5.12,5.12,587600.0,3009545.0
2024-01-02 09:38:00,5.12,5.12,5.11,5.12,108300.0,554490.0
2024-01-02 09:39:00,5.11,5.13,5.11,5.12,299700.0,1535762.0
2024-01-02 09:40:00,5.13,5.15,5.13,5.14,547000.0,2810504.0
2024-01-02 09:41:00,5.14,5.16,5.13,5.16,530000.0,2727532.0
2024-01-02 09:42:00,5.16,5.16,5.14,5.14,188300.0,969268.0
2024-01-02 09:43:00,5.14,5.15,5.13,5.15,569400.0,2930485.0
2024-01-02 09:44:00,5.15,5.15,5.14,5.14,120000.0,617063.0
2024-01-02 09:45:00,5.15,5.15,5.14,5.14,80600.0,414321.0
2024-01-02 09:46:00,5.14,5.15,5.14,5.15,177500.0,912480.0
2024-01-02 09:47:00,5.14,5.16,5.14,5.15,367300.0,1892597.0
2024-01-02 09:48:00,5.15,5.16,5.15,5.16,111700.0,575513.0
2024-01-02 09:49:00,5.16,5.16,5.16,5.16,220300.0,1136694.0
2024-01-02 09:50:00,5.15,5.17,5.15,5.17,227500.0,1174904.0
2024-01-02 09:51:00,5.17,5.23,5.16,5.22,1478800.0,7682051.0
2024-01-02 09:52:00,5.22,5.26,5.22,5.23,1065000.0,5581258.0
2024-01-02 09:53:00,5.23,5.23,5.2,5.2,310000.0,1616374.0
2024-01-02 09:54:00,5.2,5.2,5.19,5.2,133000.0,691211.0
2024-01-02 09:55:00,5.19,5.2,5.18,5.18,255400.0,1325284.0
2024-01-02 09:56:00,5.19,5.19,5.17,5.18,78500.0,406222.0
2024-01-02 09:57:00,5.18,5.18,5.16,5.18,224600.0,1160692.0
2024-01-02 09:58:00,5.18,5.18,5.17,5.18,72200.0,373905.0
2024-01-02 09:59:00,5.17,5.18,5.17,5.17,228200.0,1180307.0
2024-01-02 10:00:00,5.18,5.18,5.16,5.16,166300.0,859733.0
2024-01-02 10:01:00,5.16,5.19,5.16,5.18,144500.0,748451.0
2024-01-02 10:02:00,5.18,5.19,5.18,5.19,62400.0,323463.0
2024-01-02 10:03:00,5.19,5.21,5.18,5.21,225200.0,1171049.0
2024-01-02 10:04:00,5.21,5.21,5.2,5.2,258400.0,1344407.0
2024-01-02 10:05:00,5.2,5.2,5.19,5.19,56600.0,294268.0
2024-01-02 10:06:00,5.2,5.2,5.19,5.19,102500.0,532099.0
2024-01-02 10:07:00,5.2,5.2,5.18,5.19,76700.0,398342.0
2024-01-02 10:08:00,5.19,5.2,5.19,5.2,12300.0,63928.0
2024-01-02 10:09:00,5.19,5.22,5.19,5.22,151300.0,787336.0
2024-01-02 10:10:00,5.22,5.22,5.2,5.21,177200.0,922890.0
2024-01-02 10:11:00,5.21,5.21,5.2,5.2,115500.0,601706.0
2024-01-02 10:12:00,5.2,5.21,5.2,5.21,55000.0,286487.0
2024-01-02 10:13:00,5.21,5.21,5.2,5.21,35200.0,183389.0
2024-01-02 10:14:00,5.21,5.21,5.19,5.2,188000.0,977553.0
2024-01-02 10:15:00,5.19,5.2,5.19,5.19,65100.0,338153.0
2024-01-02 10:16:00,5.19,5.21,5.19,5.21,183000.0,951596.0
2024-01-02 10:17:00,5.2,5.21,5.2,5.2,123100.0,641330.0
2024-01-02 10:18:00,5.21,5.21,5.2,5.2,27200.0,141642.0
2024-01-02 10:19:00,5.2,5.21,5.2,5.2,92500.0,481159.0
2024-01-02 10:20:00,5.21,5.21,5.2,5.21,23200.0,120838.0
2024-01-02 10:21:00,5.2,5.21,5.2,5.2,37600.0,195577.0
2024-01-02 10:22:00,5.2,5.22,5.2,5.22,167000.0,870489.0
2024-01-02 10:23:00,5.22,5.22,5.21,5.22,76900.0,401243.0
2024-01-02 10:24:00,5.22,5.22,5.2,5.2,170100.0,886482.0
2024-01-02 10:25:00,5.21,5.22,5.21,5.22,90100.0,469468.0
2024-01-02 10:26:00,5.2,5.21,5.2,5.21,50000.0,260465.0
2024-01-02 10:27:00,5.21,5.22,5.2,5.22,65700.0,342348.0
2024-01-02 10:28:00,5.22,5.24,5.21,5.23,388800.0,2032879.0
2024-01-02 10:29:00,5.23,5.24,5.23,5.24,52700.0,275931.0
2024-01-02 10:30:00,5.24,5.24,5.23,5.23,69500.0,363747.0
2024-01-02 10:31:00,5.24,5.24,5.23,5.23,46000.0,240782.0
2024-01-02 10:32:00,5.23,5.24,5.23,5.23,71400.0,373734.0
2024-01-02 10:33:00,5.23,5.24,5.23,5.24,73300.0,383791.0
2024-01-02 10:34:00,5.24,5.24,5.23,5.23,231100.0,1209004.0
2024-01-02 10:35:00,5.23,5.24,5.23,5.23,193900.0,1014217.0
2024-01-02 10:36:00,5.23,5.24,5.23,5.23,74400.0,389175.0
2024-01-02 10:37:00,5.23,5.24,5.23,5.23,152400.0,797160.0
2024-01-02 10:38:00,5.23,5.24,5.23,5.23,625600.0,3273923.0
2024-01-02 10:39:00,5.23,5.23,5.21,5.22,109800.0,573174.0
2024-01-02 10:40:00,5.21,5.22,5.21,5.21,28800.0,150188.0
2024-01-02 10:41:00,5.21,5.23,5.21,5.22,45100.0,235392.0
2024-01-02 10:42:00,5.22,5.22,5.21,5.21,115800.0,604303.0
2024-01-02 10:43:00,5.22,5.22,5.21,5.21,55700.0,290487.0
2024-01-02 10:44:00,5.21,5.21,5.2,5.2,83500.0,434845.0
2024-01-02 10:45:00,5.2,5.21,5.2,5.2,23900.0,124376.0
2024-01-02 10:46:00,5.2,5.21,5.2,5.2,20600.0,107132.0
2024-01-02 10:47:00,5.21,5.21,5.2,5.21,140600.0,732473.0
2024-01-02 10:48:00,5.21,5.22,5.21,5.22,52600.0,274067.0
2024-01-02 10:49:00,5.22,5.22,5.21,5.22,38700.0,201699.0
2024-01-02 10:50:00,5.23,5.23,5.22,5.22,291200.0,1521038.0
2024-01-02 10:51:00,5.23,5.24,5.22,5.24,157800.0,825846.0
2024-01-02 10:52:00,5.24,5.24,5.23,5.23,126000.0,659529.0
2024-01-02 10:53:00,5.24,5.24,5.23,5.23,56300.0,294644.0
2024-01-02 10:54:00,5.23,5.24,5.22,5.23,60600.0,317005.0
2024-01-02 10:55:00,5.23,5.23,5.22,5.22,61500.0,321393.0
2024-01-02 10:56:00,5.22,5.23,5.21,5.22,43900.0,229109.0
2024-01-02 10:57:00,5.21,5.22,5.21,5.22,19000.0,99157.0
2024-01-02 10:58:00,5.21,5.22,5.21,5.21,24700.0,128778.0
2024-01-02 10:59:00,5.21,5.22,5.21,5.22,109000.0,567980.0
2024-01-02 11:00:00,5.22,5.23,5.21,5.22,120100.0,626883.0
2024-01-02 11:01:00,5.22,5.23,5.22,5.23,34100.0,178036.0
2024-01-02 11:02:00,5.21,5.23,5.21,5.22,11800.0,61590.0
2024-01-02 11:03:00,5.22,5.23,5.22,5.22,16500.0,86134.0
2024-01-02 11:04:00,5.23,5.23,5.22,5.22,27700.0,144821.0
2024-01-02 11:05:00,5.23,5.23,5.22,5.23,37300.0,194985.0
2024-01-02 11:06:00,5.23,5.23,5.22,5.22,36400.0,190208.0
2024-01-02 11:07:00,5.23,5.23,5.22,5.23,36600.0,191159.0
2024-01-02 11:08:00,5.23,5.23,5.23,5.23,16900.0,88366.0
2024-01-02 11:09:00,5.23,5.24,5.22,5.23,107800.0,563855.0
2024-01-02 11:10:00,5.24,5.24,5.22,5.23,137500.0,719390.0
2024-01-02 11:11:00,5.23,5.23,5.22,5.22,160400.0,838505.0
2024-01-02 11:12:00,5.22,5.23,5.22,5.23,46900.0,244990.0
2024-01-02 11:13:00,5.23,5.24,5.23,5.24,70000.0,366216.0
2024-01-02 11:14:00,5.23,5.24,5.22,5.22,143000.0,747928.0
2024-01-02 11:15:00,5.22,5.23,5.22,5.22,119000.0,622259.0
2024-01-02 11:16:00,5.22,5.23,5.22,5.23,32600.0,170485.0
2024-01-02 11:17:00,5.23,5.24,5.23,5.23,59700.0,312298.0
2024-01-02 11:18:00,5.24,5.24,5.23,5.24,35500.0,185860.0
2024-01-02 11:19:00,5.23,5.24,5.23,5.24,49800.0,260767.0
2024-01-02 11:20:00,5.24,5.24,5.23,5.24,25500.0,133546.0
2024-01-02 11:21:00,5.23,5.24,5.23,5.23,55700.0,291612.0
2024-01-02 11:22:00,5.24,5.24,5.23,5.24,32500.0,170104.0
2024-01-02 11:23:00,5.23,5.24,5.23,5.23,22700.0,118876.0
2024-01-02 11:24:00,5.24,5.24,5.23,5.23,38000.0,198811.0
2024-01-02 11:25:00,5.24,5.24,5.23,5.24,38000.0,199095.0
2024-01-02 11:26:00,5.23,5.24,5.23,5.24,15600.0,81611.0
2024-01-02 11:27:00,5.24,5.24,5.23,5.23,20900.0,109368.0
2024-01-02 11:28:00,5.24,5.24,5.23,5.24,15400.0,80650.0
2024-01-02 11:29:00,5.24,5.24,5.23,5.24,132000.0,691235.0
2024-01-02 11:30:00,5.23,5.24,5.23,5.23,142800.0,747260.0
2024-01-02 13:01:00,5.23,5.23,5.23,5.23,150100.0,785290.0
2024-01-02 13:02:00,5.24,5.24,5.23,5.24,38400.0,200953.0
2024-01-02 13:03:00,5.24,5.24,5.23,5.23,20100.0,105269.0
2024-01-02 13:04:00,5.23,5.24,5.23,5.24,16300.0,85320.0
2024-01-02 13:05:00,5.23,5.24,5.23,5.24,23900.0,125167.0
2024-01-02 13:06:00,5.23,5.24,5.23,5.24,31100.0,162862.0
2024-01-02 13:07:00,5.24,5.24,5.23,5.23,16000.0,83797.0
2024-01-02 13:08:00,5.23,5.24,5.23,5.24,26000.0,136023.0
2024-01-02 13:09:00,5.23,5.24,5.23,5.23,14600.0,76459.0
2024-01-02 13:10:00,5.24,5.24,5.23,5.23,32100.0,168160.0
2024-01-02 13:11:00,5.24,5.24,5.23,5.23,12100.0,63372.0
2024-01-02 13:12:00,5.23,5.24,5.23,5.24,11500.0,60242.0
2024-01-02 13:13:00,5.23,5.24,5.23,5.24,24400.0,127775.0
2024-01-02 13:14:00,5.24,5.24,5.23,5.23,108200.0,566426.0
2024-01-02 13:15:00,5.24,5.24,5.23,5.24,69600.0,364515.0
2024-01-02 13:16:00,5.23,5.24,5.22,5.22,120000.0,627641.0
2024-01-02 13:17:00,5.22,5.23,5.22,5.22,23800.0,124307.0
2024-01-02 13:18:00,5.22,5.23,5.22,5.22,10200.0,53344.0
2024-01-02 13:19:00,5.22,5.23,5.22,5.23,28300.0,147992.0
2024-01-02 13:20:00,5.23,5.23,5.22,5.22,26600.0,139078.0
2024-01-02 13:21:00,5.22,5.23,5.22,5.22,30000.0,156710.0
2024-01-02 13:22:00,5.23,5.24,5.23,5.23,111800.0,584912.0
2024-01-02 13:23:00,5.23,5.23,5.22,5.23,121100.0,633350.0
2024-01-02 13:24:00,5.23,5.23,5.22,5.22,13800.0,72171.0
2024-01-02 13:25:00,5.22,5.23,5.22,5.23,121100.0,632205.0
2024-01-02 13:26:00,5.22,5.23,5.22,5.22,7800.0,40764.0
2024-01-02 13:27:00,5.23,5.23,5.22,5.22,19500.0,101851.0
2024-01-02 13:28:00,5.23,5.23,5.23,5.23,23800.0,124474.0
2024-01-02 13:29:00,5.22,5.23,5.22,5.22,22400.0,117114.0
2024-01-02 13:30:00,5.23,5.24,5.22,5.22,118000.0,617129.0
2024-01-02 13:31:00,5.23,5.23,5.22,5.23,21600.0,112869.0
2024-01-02 13:32:00,5.23,5.23,5.22,5.22,75500.0,394273.0
2024-01-02 13:33:00,5.22,5.23,5.21,5.22,141400.0,737782.0
2024-01-02 13:34:00,5.22,5.23,5.22,5.23,33000.0,172368.0
2024-01-02 13:35:00,5.22,5.23,5.22,5.22,36500.0,190731.0
2024-01-02 13:36:00,5.23,5.23,5.22,5.23,14400.0,75306.0
2024-01-02 13:37:00,5.23,5.23,5.22,5.22,43500.0,227127.0
2024-01-02 13:38:00,5.23,5.23,5.22,5.23,14800.0,77385.0
2024-01-02 13:39:00,5.23,5.23,5.22,5.22,21500.0,112391.0
2024-01-02 13:40:00,5.23,5.23,5.22,5.22,22900.0,119727.0
2024-01-02 13:41:00,5.22,5.23,5.22,5.23,96100.0,501897.0
2024-01-02 13:42:00,5.23,5.23,5.22,5.23,19200.0,100405.0
2024-01-02 13:43:00,5.22,5.23,5.22,5.22,103800.0,542054.0
2024-01-02 13:44:00,5.22,5.23,5.21,5.23,46000.0,240181.0
2024-01-02 13:45:00,5.22,5.23,5.22,5.22,8400.0,43869.0
2024-01-02 13:46:00,5.22,5.23,5.22,5.22,27500.0,143558.0
2024-01-02 13:47:00,5.22,5.22,5.21,5.21,82500.0,430617.0
2024-01-02 13:48:00,5.22,5.23,5.21,5.21,100000.0,521511.0
2024-01-02 13:49:00,5.22,5.22,5.21,5.21,12900.0,67213.0
2024-01-02 13:50:00,5.21,5.22,5.21,5.22,38400.0,200124.0
2024-01-02 13:51:00,5.21,5.21,5.21,5.21,4100.0,21361.0
2024-01-02 13:52:00,5.21,5.22,5.21,5.22,25600.0,133571.0
2024-01-02 13:53:00,5.22,5.23,5.22,5.23,183700.0,959078.0
2024-01-02 13:54:00,5.22,5.23,5.22,5.23,9400.0,49143.0
2024-01-02 13:55:00,5.23,5.23,5.22,5.23,17700.0,92539.0
2024-01-02 13:56:00,5.22,5.23,5.22,5.23,14300.0,74780.0
2024-01-02 13:57:00,5.23,5.23,5.22,5.22,19600.0,102439.0
2024-01-02 13:58:00,5.23,5.23,5.22,5.23,33600.0,175603.0
2024-01-02 13:59:00,5.23,5.23,5.22,5.22,23500.0,122829.0
2024-01-02 14:00:00,5.23,5.23,5.22,5.23,24200.0,126556.0
2024-01-02 14:01:00,5.23,5.23,5.22,5.23,26900.0,140640.0
2024-01-02 14:02:00,5.22,5.22,5.21,5.21,255000.0,1331073.0
2024-01-02 14:03:00,5.21,5.22,5.21,5.21,64900.0,338174.0
2024-01-02 14:04:00,5.22,5.22,5.21,5.21,365200.0,1904933.0
2024-01-02 14:05:00,5.21,5.22,5.21,5.21,34600.0,180346.0
2024-01-02 14:06:00,5.21,5.22,5.21,5.21,24900.0,129734.0
2024-01-02 14:07:00,5.21,5.21,5.21,5.21,17700.0,92231.0
2024-01-02 14:08:00,5.21,5.22,5.21,5.22,13600.0,70950.0
2024-01-02 14:09:00,5.22,5.22,5.21,5.22,14400.0,75139.0
2024-01-02 14:10:00,5.22,5.22,5.21,5.21,54900.0,286523.0
2024-01-02 14:11:00,5.21,5.22,5.21,5.21,10600.0,55306.0
2024-01-02 14:12:00,5.21,5.22,5.21,5.21,35200.0,183615.0
2024-01-02 14:13:00,5.22,5.22,5.21,5.22,16800.0,87651.0
2024-01-02 14:14:00,5.22,5.22,5.21,5.22,20300.0,105949.0
2024-01-02 14:15:00,5.22,5.22,5.21,5.22,18300.0,95375.0
2024-01-02 14:16:00,5.22,5.22,5.21,5.21,58200.0,303276.0
2024-01-02 14:17:00,5.21,5.22,5.21,5.21,35500.0,185004.0
2024-01-02 14:18:00,5.21,5.22,5.21,5.22,54800.0,285620.0
2024-01-02 14:19:00,5.21,5.21,5.2,5.2,152900.0,796545.0
2024-01-02 14:20:00,5.2,5.21,5.2,5.2,33500.0,174472.0
2024-01-02 14:21:00,5.2,5.21,5.2,5.21,9100.0,47399.0
2024-01-02 14:22:00,5.2,5.21,5.2,5.21,79500.0,414201.0
2024-01-02 14:23:00,5.21,5.21,5.2,5.2,141600.0,737822.0
2024-01-02 14:24:00,5.2,5.21,5.2,5.21,5100.0,26555.0
2024-01-02 14:25:00,5.21,5.21,5.2,5.21,21900.0,113897.0
2024-01-02 14:26:00,5.21,5.21,5.2,5.2,7200.0,37491.0
2024-01-02 14:27:00,5.21,5.21,5.2,5.2,11200.0,58307.0
2024-01-02 14:28:00,5.21,5.21,5.2,5.2,65000.0,338083.0
2024-01-02 14:29:00,5.21,5.21,5.2,5.2,276100.0,1435799.0
2024-01-02 14:30:00,5.19,5.2,5.19,5.19,31000.0,161181.0
2024-01-02 14:31:00,5.2,5.21,5.19,5.2,261600.0,1360256.0
2024-01-02 14:32:00,5.2,5.21,5.2,5.21,33500.0,174251.0
2024-01-02 14:33:00,5.21,5.21,5.2,5.2,14700.0,76514.0
2024-01-02 14:34:00,5.21,5.21,5.2,5.2,26800.0,139434.0
2024-01-02 14:35:00,5.21,5.21,5.2,5.21,304300.0,1583240.0
2024-01-02 14:36:00,5.2,5.21,5.2,5.21,12500.0,65020.0
2024-01-02 14:37:00,5.21,5.21,5.2,5.21,20800.0,108311.0
2024-01-02 14:38:00,5.2,5.21,5.2,5.21,19100.0,99478.0
2024-01-02 14:39:00,5.21,5.21,5.2,5.21,18700.0,97329.0
2024-01-02 14:40:00,5.2,5.21,5.19,5.19,260700.0,1355650.0
2024-01-02 14:41:00,5.2,5.2,5.19,5.2,24400.0,126708.0
2024-01-02 14:42:00,5.19,5.2,5.19,5.2,59500.0,309203.0
2024-01-02 14:43:00,5.2,5.2,5.19,5.2,56300.0,292682.0
2024-01-02 14:44:00,5.19,5.2,5.19,5.19,223700.0,1161141.0
2024-01-02 14:45:00,5.2,5.2,5.19,5.19,242600.0,1259235.875
2024-01-02 14:46:00,5.19,5.2,5.18,5.18,125700.0,652324.0
2024-01-02 14:47:00,5.18,5.19,5.18,5.18,202300.0,1049153.0
2024-01-02 14:48:00,5.18,5.19,5.18,5.18,56600.0,293514.0
2024-01-02 14:49:00,5.18,5.19,5.18,5.18,39800.0,206284.0
2024-01-02 14:50:00,5.19,5.19,5.18,5.18,90500.0,469263.0
2024-01-02 14:51:00,5.19,5.19,5.18,5.18,116500.0,603866.0
2024-01-02 14:52:00,5.18,5.19,5.18,5.18,110700.0,574022.0
2024-01-02 14:53:00,5.18,5.19,5.18,5.19,65700.0,340575.0
2024-01-02 14:54:00,5.18,5.19,5.18,5.19,29700.0,153998.0
2024-01-02 14:55:00,5.18,5.19,5.18,5.19,169500.0,879194.0
2024-01-02 14:56:00,5.19,5.19,5.17,5.18,362300.0,1877125.0
2024-01-02 14:57:00,5.18,5.18,5.17,5.17,169900.0,879801.5
2024-01-02 14:58:00,5.18,5.18,5.18,5.18,200.0,1036.0
2024-01-02 14:59:00,5.18,5.18,5.18,5.18,0.0,0.0
2024-01-02 15:00:00,5.18,5.18,5.18,5.18,367900.0,1905722.0
2024-01-03 09:31:00,5.15,5.2,5.14,5.19,462800.0,2390322.0
2024-01-03 09:32:00,5.19,5.21,5.17,5.17,240400.0,1248484.0
2024-01-03 09:33:00,5.18,5.2,5.17,5.18,176900.0,916344.0
2024-01-03 09:34:00,5.18,5.19,5.18,5.19,177300.0,919916.0
2024-01-03 09:35:00,5.17,5.17,5.16,5.16,229800.0,1186963.0
2024-01-03 09:36:00,5.17,5.17,5.16,5.16,102400.0,528476.0
2024-01-03 09:37:00,5.17,5.17,5.16,5.16,94600.0,488452.0
2024-01-03 09:38:00,5.16,5.17,5.16,5.16,178500.0,922015.0
2024-01-03 09:39:00,5.18,5.18,5.17,5.17,154000.0,796770.0
2024-01-03 09:40:00,5.17,5.19,5.17,5.19,336900.0,1744241.0
2024-01-03 09:41:00,5.18,5.18,5.17,5.18,36900.0,190956.0
2024-01-03 09:42:00,5.18,5.18,5.17,5.18,120900.0,626261.0
2024-01-03 09:43:00,5.18,5.2,5.18,5.19,157500.0,817556.0
2024-01-03 09:44:00,5.19,5.19,5.18,5.18,354300.0,1838332.0
2024-01-03 09:45:00,5.18,5.19,5.17,5.18,76400.0,395748.0
2024-01-03 09:46:00,5.19,5.19,5.18,5.18,54600.0,282849.0
2024-01-03 09:47:00,5.18,5.18,5.17,5.17,31900.0,165231.0
2024-01-03 09:48:00,5.18,5.18,5.17,5.17,70100.0,362604.0
2024-01-03 09:49:00,5.17,5.18,5.17,5.17,153500.0,794542.0
2024-01-03 09:50:00,5.17,5.17,5.16,5.17,126400.0,653459.0
2024-01-03 09:51:00,5.16,5.18,5.16,5.18,88500.0,457556.0
2024-01-03 09:52:00,5.18,5.18,5.17,5.17,50900.0,263284.0
2024-01-03 09:53:00,5.17,5.18,5.17,5.17,25600.0,132429.0
2024-01-03 09:54:00,5.17,5.17,5.17,5.17,97600.0,504595.0
2024-01-03 09:55:00,5.17,5.18,5.17,5.18,26800.0,138637.0
2024-01-03 09:56:00,5.18,5.19,5.17,5.18,170000.0,880622.0
2024-01-03 09:57:00,5.18,5.19,5.18,5.18,16400.0,85060.0
2024-01-03 09:58:00,5.19,5.19,5.18,5.19,23100.0,119862.0
2024-01-03 09:59:00,5.19,5.19,5.18,5.18,33600.0,174274.0
2024-01-03 10:00:00,5.18,5.19,5.18,5.19,82900.0,430223.0
2024-01-03 10:01:00,5.2,5.2,5.18,5.18,54700.0,283870.0
2024-01-03 10:02:00,5.19,5.19,5.18,5.19,17000.0,88086.0
2024-01-03 10:03:00,5.18,5.19,5.17,5.18,197800.0,1024879.0
2024-01-03 10:04:00,5.18,5.18,5.17,5.17,165200.0,854661.0
2024-01-03 10:05:00,5.17,5.18,5.17,5.18,88900.0,459614.0
2024-01-03 10:06:00,5.17,5.18,5.17,5.17,81600.0,421927.0
2024-01-03 10:07:00,5.17,5.18,5.16,5.17,95800.0,494942.0
2024-01-03 10:08:00,5.17,5.17,5.16,5.16,40500.0,209183.0
2024-01-03 10:09:00,5.16,5.16,5.16,5.16,25100.0,129518.0
2024-01-03 10:10:00,5.16,5.17,5.16,5.16,11200.0,57871.0
2024-01-03 10:11:00,5.17,5.17,5.16,5.17,21400.0,110453.0
2024-01-03 10:12:00,5.17,5.17,5.16,5.16,189900.0,980026.0
2024-01-03 10:13:00,5.17,5.17,5.16,5.17,23700.0,122322.0
2024-01-03 10:14:00,5.17,5.17,5.16,5.16,20700.0,106936.0
2024-01-03 10:15:00,5.17,5.17,5.16,5.17,50400.0,260277.0
2024-01-03 10:16:00,5.16,5.17,5.16,5.16,44300.0,228797.0
2024-01-03 10:17:00,5.16,5.17,5.16,5.17,771800.0,3982975.75
2024-01-03 10:18:00,5.17,5.17,5.16,5.17,21400.0,110547.0
2024-01-03 10:19:00,5.17,5.17,5.16,5.16,8700.0,44928.0
2024-01-03 10:20:00,5.17,5.17,5.16,5.17,113200.0,585134.0
2024-01-03 10:21:00,5.16,5.19,5.16,5.18,192300.0,995277.0
2024-01-03 10:22:00,5.19,5.19,5.17,5.17,41300.0,213892.0
2024-01-03 10:23:00,5.18,5.18,5.17,5.17,15000.0,77598.0
2024-01-03 10:24:00,5.17,5.19,5.17,5.19,88300.0,457832.0
2024-01-03 10:25:00,5.19,5.19,5.18,5.19,27400.0,142108.0
2024-01-03 10:26:00,5.18,5.19,5.18,5.18,26800.0,138851.0
2024-01-03 10:27:00,5.18,5.2,5.18,5.2,313500.0,1628490.0
2024-01-03 10:28:00,5.2,5.21,5.2,5.21,175500.0,913092.0
2024-01-03 10:29:00,5.21,5.21,5.2,5.21,116100.0,604874.0
2024-01-03 10:30:00,5.2,5.21,5.2,5.2,23200.0,120840.0
2024-01-03 10:31:00,5.21,5.22,5.2,5.2,136200.0,709667.0
2024-01-03 10:32:00,5.21,5.21,5.2,5.21,15700.0,81743.0
2024-01-03 10:33:00,5.21,5.21,5.2,5.2,4100.0,21354.0
2024-01-03 10:34:00,5.2,5.21,5.2,5.2,3000.0,15606.0
2024-01-03 10:35:00,5.2,5.21,5.2,5.21,110100.0,573613.0
2024-01-03 10:36:00,5.22,5.22,5.21,5.21,32000.0,166765.0
2024-01-03 10:37:00,5.21,5.22,5.2,5.21,51600.0,268844.0
2024-01-03 10:38:00,5.21,5.21,5.2,5.21,7900.0,41120.0
2024-01-03 10:39:00,5.2,5.21,5.2,5.21,26000.0,135276.0
2024-01-03 10:40:00,5.2,5.21,5.2,5.2,27900.0,145091.0
2024-01-03 10:41:00,5.21,5.21,5.2,5.21,48800.0,253769.0
2024-01-03 10:42:00,5.2,5.21,5.2,5.21,4700.0,24447.0
2024-01-03 10:43:00,5.2,5.21,5.2,5.21,17500.0,91037.0
2024-01-03 10:44:00,5.21,5.21,5.2,5.21,25600.0,133134.0
2024-01-03 10:45:00,5.2,5.21,5.2,5.2,32800.0,170603.0
2024-01-03 10:46:00,5.2,5.21,5.2,5.2,9500.0,49429.0
2024-01-03 10:47:00,5.2,5.21,5.2,5.2,3400.0,17683.0
2024-01-03 10:48:00,5.2,5.21,5.2,5.21,3100.0,16147.0
2024-01-03 10:49:00,5.21,5.21,5.2,5.21,19500.0,101586.0
2024-01-03 10:50:00,5.21,5.21,5.2,5.21,20300.0,105682.0
2024-01-03 10:51:00,5.2,5.21,5.2,5.2,7700.0,40054.0
2024-01-03 10:52:00,5.21,5.22,5.2,5.22,348200.0,1815054.0
2024-01-03 10:53:00,5.22,5.22,5.21,5.21,82500.0,430105.0
2024-01-03 10:54:00,5.21,5.21,5.2,5.2,25900.0,134932.0
2024-01-03 10:55:00,5.21,5.21,5.2,5.2,10600.0,55153.0
2024-01-03 10:56:00,5.2,5.21,5.2,5.2,2000.0,10407.0
2024-01-03 10:57:00,5.21,5.21,5.2,5.21,7100.0,36961.0
2024-01-03 10:58:00,5.2,5.21,5.2,5.2,35200.0,183103.0
2024-01-03 10:59:00,5.21,5.21,5.2,5.2,5700.0,29660.0
2024-01-03 11:00:00,5.2,5.21,5.2,5.21,7600.0,39561.0
2024-01-03 11:01:00,5.21,5.21,5.2,5.21,31300.0,162873.0
2024-01-03 11:02:00,5.21,5.21,5.2,5.2,31900.0,166034.0
2024-01-03 11:03:00,5.2,5.21,5.19,5.19,57500.0,299012.0
2024-01-03 11:04:00,5.2,5.2,5.19,5.2,12100.0,62877.0
2024-01-03 11:05:00,5.2,5.2,5.19,5.2,12300.0,63954.0
2024-01-03 11:06:00,5.2,5.2,5.19,5.2,26300.0,136713.0
2024-01-03 11:07:00,5.2,5.2,5.19,5.2,3400.0,17657.0
2024-01-03 11:08:00,5.2,5.2,5.19,5.2,12500.0,64934.0
2024-01-03 11:09:00,5.2,5.2,5.19,5.2,88200.0,458745.0
2024-01-03 11:10:00,5.21,5.22,5.2,5.21,140500.0,731843.0
2024-01-03 11:11:00,5.2,5.21,5.2,5.21,143500.0,747664.0
2024-01-03 11:12:00,5.22,5.22,5.2,5.2,12200.0,63538.0
2024-01-03 11:13:00,5.2,5.21,5.2,5.21,51200.0,266246.0
2024-01-03 11:14:00,5.2,5.21,5.2,5.21,35900.0,186688.0
2024-01-03 11:15:00,5.21,5.21,5.19,5.21,15800.0,82180.0
2024-01-03 11:16:00,5.21,5.21,5.2,5.2,13300.0,69170.0
2024-01-03 11:17:00,5.2,5.2,5.19,5.2,10600.0,55029.0
2024-01-03 11:18:00,5.2,5.2,5.19,5.19,3100.0,16102.0
2024-01-03 11:19:00,5.19,5.2,5.19,5.2,16300.0,84617.0
2024-01-03 11:20:00,5.19,5.2,5.19,5.19,18400.0,95518.0
2024-01-03 11:21:00,5.19,5.19,5.18,5.19,80700.0,418803.0
2024-01-03 11:22:00,5.18,5.19,5.18,5.19,32200.0,166976.0
2024-01-03 11:23:00,5.19,5.19,5.18,5.18,67500.0,350111.0
2024-01-03 11:24:00,5.18,5.19,5.17,5.19,148300.0,768207.0
2024-01-03 11:25:00,5.19,5.19,5.18,5.18,30100.0,156051.0
2024-01-03 11:26:00,5.18,5.19,5.18,5.19,37900.0,196408.0
2024-01-03 11:27:00,5.19,5.19,5.18,5.19,7000.0,36303.0
2024-01-03 11:28:00,5.19,5.19,5.18,5.19,7700.0,39930.0
2024-01-03 11:29:00,5.19,5.19,5.18,5.18,19600.0,101616.0
2024-01-03 11:30:00,5.18,5.19,5.18,5.18,148300.0,768278.0
2024-01-03 13:01:00,5.19,5.19,5.18,5.19,122600.0,635819.0
2024-01-03 13:02:00,5.19,5.2,5.19,5.2,30300.0,157331.0
2024-01-03 13:03:00,5.19,5.19,5.19,5.19,8200.0,42558.0
2024-01-03 13:04:00,5.19,5.19,5.18,5.18,62900.0,326278.0
2024-01-03 13:05:00,5.19,5.19,5.18,5.19,21000.0,108887.0
2024-01-03 13:06:00,5.19,5.19,5.19,5.19,800.0,4152.0
2024-01-03 13:07:00,5.19,5.19,5.18,5.18,24800.0,128700.0
2024-01-03 13:08:00,5.18,5.19,5.18,5.19,11900.0,61650.0
2024-01-03 13:09:00,5.18,5.18,5.18,5.18,13100.0,67858.0
2024-01-03 13:10:00,5.18,5.19,5.18,5.19,4300.0,22275.0
2024-01-03 13:11:00,5.19,5.21,5.19,5.2,272400.0,1415236.25
2024-01-03 13:12:00,5.21,5.21,5.2,5.2,5100.0,26534.0
2024-01-03 13:13:00,5.2,5.21,5.2,5.21,51900.0,269918.0
2024-01-03 13:14:00,5.21,5.22,5.2,5.22,344000.0,1793347.0
2024-01-03 13:15:00,5.22,5.22,5.2,5.21,142300.0,741093.0
2024-01-03 13:16:00,5.2,5.2,5.2,5.2,1500.0,7800.0
2024-01-03 13:17:00,5.2,5.2,5.2,5.2,70200.0,365038.8125
2024-01-03 13:18:00,5.2,5.2,5.19,5.2,51100.0,265680.0
2024-01-03 13:19:00,5.2,5.21,5.2,5.21,27800.0,144578.0
2024-01-03 13:20:00,5.2,5.22,5.2,5.21,191200.0,996443.0
2024-01-03 13:21:00,5.21,5.21,5.2,5.2,15900.0,82810.0
2024-01-03 13:22:00,5.2,5.2,5.19,5.19,136300.0,708676.0
2024-01-03 13:23:00,5.2,5.2,5.19,5.2,20000.0,103979.0
2024-01-03 13:24:00,5.2,5.2,5.19,5.19,1000.0,5192.0
2024-01-03 13:25:00,5.2,5.2,5.19,5.19,108100.0,561146.0
2024-01-03 13:26:00,5.19,5.2,5.19,5.19,85800.0,445315.0
2024-01-03 13:27:00,5.19,5.19,5.18,5.18,106900.0,553750.0
2024-01-03 13:28:00,5.18,5.19,5.18,5.18,11100.0,57528.0
2024-01-03 13:29:00,5.18,5.19,5.18,5.19,3700.0,19178.0
2024-01-03 13:30:00,5.18,5.19,5.18,5.19,132900.0,688486.0
2024-01-03 13:31:00,5.18,5.19,5.18,5.19,2700.0,13988.0
2024-01-03 13:32:00,5.19,5.19,5.18,5.18,29600.0,153413.0
2024-01-03 13:33:00,5.18,5.18,5.18,5.18,79300.0,410824.0
2024-01-03 13:34:00,5.18,5.19,5.18,5.19,101700.0,527702.0
2024-01-03 13:35:00,5.2,5.2,5.18,5.19,30600.0,158814.0
2024-01-03 13:36:00,5.2,5.21,5.2,5.21,231000.0,1202321.0
2024-01-03 13:37:00,5.2,5.22,5.2,5.21,134600.0,701944.0
2024-01-03 13:38:00,5.21,5.23,5.21,5.23,124000.0,647297.0
2024-01-03 13:39:00,5.23,5.23,5.21,5.22,37500.0,195750.0
2024-01-03 13:40:00,5.22,5.22,5.21,5.22,23800.0,124034.0
2024-01-03 13:41:00,5.21,5.22,5.21,5.21,23800.0,124017.0
2024-01-03 13:42:00,5.21,5.22,5.21,5.21,29300.0,152655.0
2024-01-03 13:43:00,5.21,5.22,5.2,5.21,232200.0,1209462.0
2024-01-03 13:44:00,5.2,5.21,5.2,5.2,22900.0,119132.0
2024-01-03 13:45:00,5.21,5.21,5.2,5.2,15100.0,78592.0
2024-01-03 13:46:00,5.21,5.21,5.2,5.21,30300.0,157686.0
2024-01-03 13:47:00,5.21,5.21,5.2,5.21,45000.0,234385.0
2024-01-03 13:48:00,5.21,5.21,5.2,5.2,22500.0,117166.0
2024-01-03 13:49:00,5.21,5.21,5.2,5.21,11000.0,57240.0
2024-01-03 13:50:00,5.2,5.21,5.2,5.2,13600.0,70752.0
2024-01-03 13:51:00,5.2,5.21,5.2,5.21,24600.0,127994.0
2024-01-03 13:52:00,5.2,5.21,5.2,5.2,35900.0,186781.0
2024-01-03 13:53:00,5.21,5.21,5.2,5.2,12300.0,64013.0
2024-01-03 13:54:00,5.2,5.21,5.2,5.2,14500.0,75404.0
2024-01-03 13:55:00,5.2,5.2,5.19,5.2,47500.0,246999.0
2024-01-03 13:56:00,5.19,5.2,5.19,5.2,18800.0,97688.0
2024-01-03 13:57:00,5.2,5.2,5.19,5.2,17000.0,88328.0
2024-01-03 13:58:00,5.19,5.2,5.19,5.19,14000.0,72717.0
2024-01-03 13:59:00,5.19,5.2,5.19,5.2,29100.0,151244.0
2024-01-03 14:00:00,5.19,5.2,5.19,5.19,36500.0,189581.0
2024-01-03 14:01:00,5.19,5.19,5.19,5.19,12000.0,62287.0
2024-01-03 14:02:00,5.2,5.23,5.19,5.23,702400.0,3662883.0
2024-01-03 14:03:00,5.22,5.23,5.21,5.23,415400.0,2171903.0
2024-01-03 14:04:00,5.22,5.22,5.22,5.22,40300.0,210366.0
2024-01-03 14:05:00,5.22,5.23,5.22,5.23,34300.0,179169.0
2024-01-03 14:06:00,5.22,5.24,5.22,5.23,96200.0,503068.0
2024-01-03 14:07:00,5.23,5.24,5.23,5.24,36900.0,193267.0
2024-01-03 14:08:00,5.23,5.24,5.23,5.24,23800.0,124572.0
2024-01-03 14:09:00,5.23,5.23,5.23,5.23,92000.0,481251.0
2024-01-03 14:10:00,5.23,5.24,5.22,5.24,352100.0,1844445.0
2024-01-03 14:11:00,5.24,5.24,5.23,5.24,19400.0,101519.0
2024-01-03 14:12:00,5.23,5.24,5.23,5.24,20600.0,107805.0
2024-01-03 14:13:00,5.23,5.24,5.23,5.23,68000.0,355656.0
2024-01-03 14:14:00,5.23,5.23,5.22,5.23,46100.0,241093.0
2024-01-03 14:15:00,5.23,5.23,5.22,5.23,17200.0,89872.0
2024-01-03 14:16:00,5.22,5.24,5.22,5.23,309100.0,1619125.0
2024-01-03 14:17:00,5.23,5.24,5.23,5.24,15000.0,78530.0
2024-01-03 14:18:00,5.24,5.24,5.23,5.23,29600.0,154991.0
2024-01-03 14:19:00,5.23,5.25,5.23,5.25,148200.0,776764.0
2024-01-03 14:20:00,5.24,5.25,5.24,5.25,16200.0,84918.0
2024-01-03 14:21:00,5.25,5.25,5.24,5.25,175000.0,918676.0
2024-01-03 14:22:00,5.25,5.26,5.25,5.26,229100.0,1202799.0
2024-01-03 14:23:00,5.26,5.27,5.26,5.27,371500.0,1954312.0
2024-01-03 14:24:00,5.27,5.27,5.25,5.26,49500.0,260387.0
2024-01-03 14:25:00,5.26,5.27,5.25,5.26,358100.0,1885341.0
2024-01-03 14:26:00,5.27,5.27,5.26,5.26,31800.0,167467.0
2024-01-03 14:27:00,5.26,5.28,5.26,5.28,190600.0,1004314.0
2024-01-03 14:28:00,5.28,5.28,5.27,5.27,129700.0,683780.0
2024-01-03 14:29:00,5.27,5.29,5.26,5.29,467600.0,2467555.0
2024-01-03 14:30:00,5.29,5.29,5.27,5.28,42500.0,224435.0
2024-01-03 14:31:00,5.27,5.28,5.27,5.28,204200.0,1077734.0
2024-01-03 14:32:00,5.28,5.31,5.28,5.3,808800.0,4281594.0
2024-01-03 14:33:00,5.3,5.31,5.29,5.31,145700.0,772465.0
2024-01-03 14:34:00,5.3,5.3,5.29,5.29,127700.0,676750.0
2024-01-03 14:35:00,5.3,5.3,5.28,5.29,619300.0,3270786.0
2024-01-03 14:36:00,5.31,5.31,5.3,5.3,412200.0,2185698.0
2024-01-03 14:37:00,5.3,5.3,5.29,5.3,47400.0,251208.0
2024-01-03 14:38:00,5.29,5.32,5.29,5.31,331100.0,1756981.0
2024-01-03 14:39:00,5.3,5.31,5.3,5.3,84800.0,449641.0
2024-01-03 14:40:00,5.31,5.31,5.3,5.3,50000.0,265245.0
2024-01-03 14:41:00,5.31,5.33,5.3,5.32,583900.0,3105030.5
2024-01-03 14:42:00,5.32,5.33,5.31,5.33,303900.0,1618352.625
2024-01-03 14:43:00,5.32,5.33,5.32,5.33,108900.0,580092.0
2024-01-03 14:44:00,5.33,5.33,5.32,5.33,391600.0,2085781.0
2024-01-03 14:45:00,5.33,5.33,5.32,5.33,94000.0,500882.0
2024-01-03 14:46:00,5.32,5.33,5.31,5.31,215900.0,1148760.0
2024-01-03 14:47:00,5.31,5.33,5.31,5.32,520400.0,2769544.0
2024-01-03 14:48:00,5.32,5.35,5.32,5.35,746500.0,3984544.0
2024-01-03 14:49:00,5.35,5.36,5.33,5.35,428000.0,2289051.0
2024-01-03 14:50:00,5.35,5.35,5.34,5.35,177100.0,947065.0
2024-01-03 14:51:00,5.35,5.36,5.34,5.35,544000.0,2912660.0
2024-01-03 14:52:00,5.34,5.36,5.34,5.35,623200.0,3336998.0
2024-01-03 14:53:00,5.35,5.37,5.35,5.35,523900.0,2809688.0
2024-01-03 14:54:00,5.36,5.38,5.36,5.38,1120500.0,6018168.0
2024-01-03 14:55:00,5.36,5.39,5.36,5.37,626400.0,3367614.0
2024-01-03 14:56:00,5.37,5.39,5.35,5.37,590100.0,3174452.0
2024-01-03 14:57:00,5.35,5.37,5.35,5.36,176000.0,942611.0
2024-01-03 14:58:00,5.37,5.37,5.37,5.37,31200.0,167328.0
2024-01-03 14:59:00,5.37,5.37,5.37,5.37,0.0,0.0
2024-01-03 15:00:00,5.36,5.36,5.36,5.36,656500.0,3518840.0
2024-01-04 09:31:00,5.31,5.39,5.29,5.37,1513600.0,8083175.0
2024-01-04 09:32:00,5.38,5.4,5.35,5.38,504300.0,2711107.0
2024-01-04 09:33:00,5.38,5.42,5.37,5.41,637900.0,3444801.0
2024-01-04 09:34:00,5.4,5.41,5.39,5.39,324500.0,1753229.0
2024-01-04 09:35:00,5.39,5.39,5.36,5.37,385700.0,2075229.0
2024-01-04 09:36:00,5.36,5.37,5.34,5.34,511100.0,2736958.0
2024-01-04 09:37:00,5.34,5.34,5.33,5.33,128500.0,685318.0
2024-01-04 09:38:00,5.33,5.35,5.33,5.35,191100.0,1021148.0
2024-01-04 09:39:00,5.35,5.36,5.34,5.35,352900.0,1887824.0
2024-01-04 09:40:00,5.35,5.36,5.34,5.35,86400.0,462220.0
2024-01-04 09:41:00,5.35,5.36,5.34,5.35,384200.0,2055700.0
2024-01-04 09:42:00,5.36,5.36,5.34,5.35,183100.0,980342.0
2024-01-04 09:43:00,5.34,5.35,5.33,5.33,126500.0,675418.0
2024-01-04 09:44:00,5.33,5.34,5.33,5.33,152500.0,812826.0
2024-01-04 09:45:00,5.33,5.33,5.32,5.33,178300.0,949872.0
2024-01-04 09:46:00,5.33,5.33,5.32,5.32,81600.0,434921.0
2024-01-04 09:47:00,5.32,5.32,5.31,5.31,126000.0,670121.0
2024-01-04 09:48:00,5.31,5.32,5.31,5.31,342700.0,1821696.0
2024-01-04 09:49:00,5.31,5.33,5.31,5.32,155300.0,826958.0
2024-01-04 09:50:00,5.32,5.33,5.31,5.32,201000.0,1068480.0
2024-01-04 09:51:00,5.32,5.33,5.32,5.32,109800.0,584257.0
2024-01-04 09:52:00,5.32,5.33,5.32,5.32,68900.0,366677.0
2024-01-04 09:53:00,5.32,5.34,5.32,5.34,132600.0,706885.0
2024-01-04 09:54:00,5.34,5.34,5.32,5.32,89000.0,473931.0
2024-01-04 09:55:00,5.32,5.33,5.32,5.33,164800.0,878217.0
2024-01-04 09:56:00,5.33,5.33,5.31,5.32,227000.0,1207828.0
2024-01-04 09:57:00,5.31,5.34,5.31,5.33,176200.0,938492.0
2024-01-04 09:58:00,5.33,5.34,5.33,5.34,133000.0,709232.0
2024-01-04 09:59:00,5.33,5.34,5.32,5.33,69100.0,368454.0
2024-01-04 10:00:00,5.34,5.34,5.33,5.33,137500.0,733848.0
2024-01-04 10:01:00,5.33,5.34,5.33,5.33,147000.0,783570.0
2024-01-04 10:02:00,5.34,5.34,5.33,5.33,12100.0,64551.0
2024-01-04 10:03:00,5.33,5.34,5.32,5.32,132800.0,707981.0
2024-01-04 10:04:00,5.32,5.32,5.32,5.32,123400.0,656612.0
2024-01-04 10:05:00,5.32,5.32,5.31,5.32,122500.0,651565.0
2024-01-04 10:06:00,5.32,5.32,5.31,5.31,19000.0,101018.0
2024-01-04 10:07:00,5.32,5.32,5.31,5.32,11700.0,62198.0
2024-01-04 10:08:00,5.31,5.32,5.31,5.31,28400.0,150966.0
2024-01-04 10:09:00,5.31,5.33,5.31,5.32,212800.0,1132814.0
2024-01-04 10:10:00,5.33,5.33,5.33,5.33,27700.0,147457.0
2024-01-04 10:11:00,5.32,5.33,5.31,5.33,148200.0,788505.0
2024-01-04 10:12:00,5.33,5.33,5.32,5.32,113200.0,602552.0
2024-01-04 10:13:00,5.32,5.33,5.32,5.33,115200.0,613021.0
2024-01-04 10:14:00,5.32,5.33,5.32,5.33,28500.0,151898.0
2024-01-04 10:15:00,5.32,5.33,5.32,5.33,98100.0,521977.0
2024-01-04 10:16:00,5.32,5.34,5.32,5.33,225700.0,1203007.0
2024-01-04 10:17:00,5.33,5.33,5.32,5.33,39000.0,207860.0
2024-01-04 10:18:00,5.33,5.33,5.32,5.32,25400.0,135363.0
2024-01-04 10:19:00,5.33,5.33,5.32,5.33,76800.0,409332.0
2024-01-04 10:20:00,5.33,5.33,5.32,5.33,62700.0,334193.0
2024-01-04 10:21:00,5.34,5.34,5.33,5.33,6300.0,33608.0
2024-01-04 10:22:00,5.34,5.34,5.33,5.33,80800.0,431289.0
2024-01-04 10:23:00,5.34,5.34,5.33,5.34,17600.0,93983.0
2024-01-04 10:24:00,5.34,5.34,5.33,5.34,42300.0,225788.0
2024-01-04 10:25:00,5.34,5.34,5.33,5.34,75200.0,401053.0
2024-01-04 10:26:00,5.34,5.34,5.33,5.33,84000.0,447726.0
2024-01-04 10:27:00,5.33,5.34,5.33,5.33,68600.0,365641.0
2024-01-04 10:28:00,5.32,5.33,5.32,5.33,3600.0,19172.0
2024-01-04 10:29:00,5.33,5.33,5.32,5.32,31700.0,168916.0
2024-01-04 10:30:00,5.33,5.33,5.32,5.33,33000.0,175737.0
2024-01-04 10:31:00,5.32,5.33,5.32,5.32,52600.0,279839.0
2024-01-04 10:32:00,5.33,5.33,5.32,5.33,40300.0,214776.0
2024-01-04 10:33:00,5.33,5.34,5.32,5.34,152500.0,813026.0
2024-01-04 10:34:00,5.34,5.34,5.33,5.33,8000.0,42665.0
2024-01-04 10:35:00,5.33,5.34,5.33,5.33,46100.0,246157.0
2024-01-04 10:36:00,5.34,5.34,5.32,5.32,131800.0,702587.0
2024-01-04 10:37:00,5.33,5.33,5.33,5.33,37300.0,198821.0
2024-01-04 10:38:00,5.32,5.33,5.32,5.33,12300.0,65456.0
2024-01-04 10:39:00,5.32,5.33,5.32,5.32,32800.0,174745.0
2024-01-04 10:40:00,5.33,5.33,5.32,5.32,141700.0,753849.0
2024-01-04 10:41:00,5.32,5.32,5.31,5.32,33200.0,176306.0
2024-01-04 10:42:00,5.32,5.32,5.31,5.31,45800.0,243217.0
2024-01-04 10:43:00,5.31,5.32,5.31,5.32,178200.0,946289.0
2024-01-04 10:44:00,5.31,5.32,5.31,5.31,27500.0,146210.0
2024-01-04 10:45:00,5.31,5.32,5.31,5.32,6000.0,31893.0
2024-01-04 10:46:00,5.32,5.32,5.31,5.32,11000.0,58517.0
2024-01-04 10:47:00,5.31,5.32,5.31,5.32,11500.0,61155.0
2024-01-04 10:48:00,5.32,5.33,5.31,5.32,126200.0,671377.0
2024-01-04 10:49:00,5.33,5.33,5.32,5.33,21800.0,116064.0
2024-01-04 10:50:00,5.33,5.33,5.32,5.32,24700.0,131638.0
2024-01-04 10:51:00,5.32,5.33,5.32,5.32,136900.0,728321.0
2024-01-04 10:52:00,5.32,5.32,5.31,5.32,7600.0,40398.0
2024-01-04 10:53:00,5.32,5.32,5.31,5.32,19800.0,105303.0
2024-01-04 10:54:00,5.32,5.32,5.31,5.32,4100.0,21804.0
2024-01-04 10:55:00,5.31,5.32,5.31,5.31,10900.0,57934.0
2024-01-04 10:56:00,5.31,5.32,5.31,5.32,23800.0,126573.0
2024-01-04 10:57:00,5.31,5.32,5.31,5.32,33200.0,176338.0
2024-01-04 10:58:00,5.32,5.32,5.31,5.32,60900.0,323746.0
2024-01-04 10:59:00,5.31,5.32,5.31,5.32,26400.0,140352.0
2024-01-04 11:00:00,5.31,5.31,5.3,5.3,303600.0,1611949.0
2024-01-04 11:01:00,5.3,5.31,5.3,5.3,34500.0,182887.0
2024-01-04 11:02:00,5.31,5.31,5.3,5.3,27300.0,144916.0
2024-01-04 11:03:00,5.31,5.31,5.31,5.31,33100.0,175661.0
2024-01-04 11:04:00,5.31,5.32,5.31,5.31,111700.0,593205.0
2024-01-04 11:05:00,5.32,5.32,5.31,5.32,56200.0,298906.0
2024-01-04 11:06:00,5.32,5.32,5.31,5.32,11200.0,59532.0
2024-01-04 11:07:00,5.32,5.32,5.31,5.32,45100.0,239873.0
2024-01-04 11:08:00,5.32,5.32,5.31,5.31,93500.0,496498.0
2024-01-04 11:09:00,5.31,5.32,5.31,5.32,25400.0,134881.0
2024-01-04 11:10:00,5.31,5.31,5.3,5.31,52100.0,276592.0
2024-01-04 11:11:00,5.3,5.32,5.3,5.31,35700.0,189550.0
2024-01-04 11:12:00,5.31,5.31,5.3,5.3,32500.0,172510.0
2024-01-04 11:13:00,5.31,5.31,5.3,5.31,21900.0,116129.0
2024-01-04 11:14:00,5.31,5.31,5.3,5.31,6300.0,33450.0
2024-01-04 11:15:00,5.3,5.31,5.3,5.31,105300.0,558231.0
2024-01-04 11:16:00,5.31,5.31,5.3,5.3,42600.0,225835.0
2024-01-04 11:17:00,5.31,5.31,5.3,5.31,27200.0,144257.0
2024-01-04 11:18:00,5.31,5.31,5.3,5.31,25700.0,136345.0
2024-01-04 11:19:00,5.3,5.31,5.3,5.31,12800.0,67966.0
2024-01-04 11:20:00,5.3,5.31,5.3,5.31,6300.0,33420.0
2024-01-04 11:21:00,5.3,5.31,5.3,5.31,75400.0,399810.0
2024-01-04 11:22:00,5.31,5.31,5.3,5.31,40400.0,214400.0
2024-01-04 11:23:00,5.31,5.31,5.3,5.3,23700.0,125704.0
2024-01-04 11:24:00,5.3,5.31,5.3,5.31,44600.0,236719.0
2024-01-04 11:25:00,5.3,5.31,5.3,5.31,15300.0,81207.0
2024-01-04 11:26:00,5.3,5.3,5.29,5.29,146700.0,777302.0
2024-01-04 11:27:00,5.3,5.3,5.29,5.29,79700.0,421720.0
2024-01-04 11:28:00,5.3,5.3,5.29,5.3,29000.0,153468.0
2024-01-04 11:29:00,5.29,5.3,5.29,5.3,10000.0,52977.0
2024-01-04 11:30:00,5.3,5.3,5.29,5.29,40300.0,213191.0
2024-01-04 13:01:00,5.29,5.31,5.29,5.31,413200.0,2188347.0
2024-01-04 13:02:00,5.31,5.31,5.3,5.31,29700.0,157482.0
2024-01-04 13:03:00,5.3,5.31,5.3,5.3,18600.0,98592.0
2024-01-04 13:04:00,5.3,5.31,5.3,5.3,40800.0,216245.0
2024-01-04 13:05:00,5.3,5.31,5.3,5.31,160000.0,848180.0
2024-01-04 13:06:00,5.31,5.32,5.3,5.31,67400.0,357905.0
2024-01-04 13:07:00,5.31,5.32,5.31,5.31,28000.0,148682.0
2024-01-04 13:08:00,5.31,5.31,5.3,5.3,22300.0,118232.0
2024-01-04 13:09:00,5.3,5.31,5.3,5.3,96300.0,510396.0
2024-01-04 13:10:00,5.3,5.31,5.3,5.3,8100.0,42986.0
2024-01-04 13:11:00,5.3,5.31,5.3,5.31,6300.0,33391.0
2024-01-04 13:12:00,5.31,5.31,5.3,5.3,33500.0,177569.0
2024-01-04 13:13:00,5.3,5.31,5.3,5.31,35700.0,189219.0
2024-01-04 13:14:00,5.3,5.3,5.3,5.3,32700.0,173310.0
2024-01-04 13:15:00,5.3,5.31,5.3,5.31,22200.0,117778.0
2024-01-04 13:16:00,5.31,5.31,5.3,5.3,11100.0,58842.0
2024-01-04 13:17:00,5.3,5.31,5.3,5.3,12100.0,64153.0
2024-01-04 13:18:00,5.3,5.31,5.3,5.31,74200.0,393715.0
2024-01-04 13:19:00,5.31,5.31,5.31,5.31,53900.0,286198.0
2024-01-04 13:20:00,5.32,5.32,5.3,5.31,37800.0,200632.0
2024-01-04 13:21:00,5.31,5.32,5.31,5.32,51500.0,273513.0
2024-01-04 13:22:00,5.31,5.32,5.31,5.32,164900.0,875640.0
2024-01-04 13:23:00,5.32,5.32,5.32,5.32,900.0,4788.0
2024-01-04 13:24:00,5.32,5.32,5.31,5.32,23500.0,124987.0
2024-01-04 13:25:00,5.32,5.32,5.31,5.31,56700.0,301193.0
2024-01-04 13:26:00,5.32,5.32,5.31,5.31,186100.0,988458.9375
2024-01-04 13:27:00,5.32,5.33,5.32,5.33,72400.0,385208.0
2024-01-04 13:28:00,5.33,5.33,5.32,5.33,24100.0,128273.0
2024-01-04 13:29:00,5.32,5.33,5.32,5.33,59800.0,318643.0
2024-01-04 13:30:00,5.33,5.33,5.32,5.32,57100.0,304216.0
2024-01-04 13:31:00,5.32,5.33,5.32,5.33,294900.0,1569855.0
2024-01-04 13:32:00,5.32,5.33,5.32,5.32,20400.0,108548.0
2024-01-04 13:33:00,5.32,5.32,5.31,5.32,96400.0,512797.0
2024-01-04 13:34:00,5.31,5.32,5.31,5.32,3500.0,18589.0
2024-01-04 13:35:00,5.31,5.34,5.31,5.34,455000.0,2424992.0
2024-01-04 13:36:00,5.33,5.34,5.33,5.34,28800.0,153752.0
2024-01-04 13:37:00,5.34,5.35,5.33,5.35,191500.0,1023098.0
2024-01-04 13:38:00,5.34,5.34,5.34,5.34,44400.0,237100.0
2024-01-04 13:39:00,5.35,5.35,5.34,5.34,19700.0,105224.0
2024-01-04 13:40:00,5.34,5.35,5.34,5.35,23100.0,123373.0
2024-01-04 13:41:00,5.35,5.36,5.35,5.36,185000.0,989836.0
2024-01-04 13:42:00,5.36,5.36,5.36,5.36,191000.0,1023746.0
2024-01-04 13:43:00,5.36,5.36,5.35,5.35,17700.0,94868.0
2024-01-04 13:44:00,5.36,5.36,5.35,5.36,28800.0,154214.0
2024-01-04 13:45:00,5.36,5.36,5.35,5.35,16900.0,90471.0
2024-01-04 13:46:00,5.35,5.35,5.35,5.35,108300.0,579412.0
2024-01-04 13:47:00,5.35,5.35,5.34,5.35,318100.0,1701153.0
2024-01-04 13:48:00,5.34,5.35,5.34,5.34,14000.0,74765.0
2024-01-04 13:49:00,5.34,5.35,5.34,5.35,9100.0,48613.0
2024-01-04 13:50:00,5.34,5.34,5.34,5.34,89900.0,480066.0
2024-01-04 13:51:00,5.34,5.34,5.33,5.33,25900.0,138238.0
2024-01-04 13:52:00,5.33,5.34,5.33,5.34,19000.0,101274.0
2024-01-04 13:53:00,5.33,5.34,5.33,5.34,7300.0,38936.0
2024-01-04 13:54:00,5.34,5.34,5.34,5.34,23500.0,125403.0
2024-01-04 13:55:00,5.33,5.34,5.33,5.33,10900.0,58120.0
2024-01-04 13:56:00,5.33,5.34,5.33,5.34,6200.0,33100.0
2024-01-04 13:57:00,5.33,5.34,5.33,5.34,51900.0,277124.0
2024-01-04 13:58:00,5.34,5.34,5.33,5.34,24400.0,130085.0
2024-01-04 13:59:00,5.34,5.34,5.33,5.34,16300.0,86914.0
2024-01-04 14:00:00,5.34,5.34,5.33,5.34,21300.0,113596.0
2024-01-04 14:01:00,5.34,5.34,5.33,5.34,2100.0,11208.0
2024-01-04 14:02:00,5.33,5.34,5.33,5.33,294600.0,1570003.0
2024-01-04 14:03:00,5.32,5.33,5.32,5.33,13000.0,69167.0
2024-01-04 14:04:00,5.33,5.33,5.32,5.33,5200.0,27670.0
2024-01-04 14:05:00,5.32,5.33,5.32,5.32,18400.0,97902.0
2024-01-04 14:06:00,5.33,5.34,5.32,5.34,83900.0,447079.0
2024-01-04 14:07:00,5.33,5.34,5.33,5.34,20200.0,107730.0
2024-01-04 14:08:00,5.34,5.34,5.33,5.34,7200.0,38384.0
2024-01-04 14:09:00,5.34,5.35,5.34,5.35,87100.0,465144.0
2024-01-04 14:10:00,5.33,5.35,5.33,5.34,24400.0,130175.0
2024-01-04 14:11:00,5.33,5.34,5.33,5.34,2400.0,12809.0
2024-01-04 14:12:00,5.34,5.34,5.33,5.34,9300.0,49633.0
2024-01-04 14:13:00,5.34,5.34,5.33,5.34,34600.0,184665.0
2024-01-04 14:14:00,5.33,5.34,5.33,5.34,6500.0,34662.0
2024-01-04 14:15:00,5.34,5.34,5.33,5.34,8900.0,47520.0
2024-01-04 14:16:00,5.33,5.34,5.33,5.34,40500.0,216149.0
2024-01-04 14:17:00,5.34,5.34,5.33,5.33,7100.0,37846.0
2024-01-04 14:18:00,5.34,5.34,5.33,5.34,10200.0,54466.0
2024-01-04 14:19:00,5.34,5.34,5.33,5.34,67700.0,361524.0
2024-01-04 14:20:00,5.33,5.34,5.33,5.34,332900.0,1778398.0
2024-01-04 14:21:00,5.34,5.35,5.34,5.35,33800.0,180808.0
2024-01-04 14:22:00,5.34,5.35,5.34,5.35,165200.0,883788.0
2024-01-04 14:23:00,5.35,5.35,5.34,5.35,93900.0,502038.0
2024-01-04 14:24:00,5.34,5.36,5.34,5.35,112200.0,600213.0
2024-01-04 14:25:00,5.35,5.36,5.34,5.35,65600.0,350957.0
2024-01-04 14:26:00,5.35,5.35,5.34,5.35,3600.0,19250.0
2024-01-04 14:27:00,5.35,5.35,5.34,5.34,8700.0,46516.0
2024-01-04 14:28:00,5.35,5.35,5.34,5.35,12100.0,64660.0
2024-01-04 14:29:00,5.35,5.35,5.34,5.34,12200.0,65255.0
2024-01-04 14:30:00,5.34,5.34,5.33,5.34,645500.0,3445960.0
2024-01-04 14:31:00,5.34,5.34,5.33,5.33,21400.0,114147.0
2024-01-04 14:32:00,5.33,5.34,5.33,5.33,124300.0,662609.0
2024-01-04 14:33:00,5.33,5.34,5.33,5.33,12100.0,64510.0
2024-01-04 14:34:00,5.33,5.34,5.33,5.33,6800.0,36259.0
2024-01-04 14:35:00,5.33,5.34,5.33,5.33,2100.0,11197.0
2024-01-04 14:36:00,5.33,5.34,5.33,5.34,226600.0,1207963.0
2024-01-04 14:37:00,5.33,5.34,5.33,5.34,37400.0,199512.0
2024-01-04 14:38:00,5.34,5.34,5.33,5.34,220600.0,1177949.0
2024-01-04 14:39:00,5.34,5.35,5.33,5.34,218200.0,1165107.0
2024-01-04 14:40:00,5.34,5.35,5.34,5.34,34600.0,184768.0
2024-01-04 14:41:00,5.34,5.35,5.34,5.34,96700.0,516375.0
2024-01-04 14:42:00,5.34,5.35,5.33,5.33,71600.0,382259.0
2024-01-04 14:43:00,5.34,5.35,5.34,5.34,63500.0,339213.0
2024-01-04 14:44:00,5.35,5.35,5.34,5.35,33800.0,180679.0
2024-01-04 14:45:00,5.35,5.35,5.34,5.35,30000.0,160474.0
2024-01-04 14:46:00,5.34,5.35,5.34,5.34,65200.0,348438.0
2024-01-04 14:47:00,5.34,5.35,5.34,5.34,50500.0,269686.0
2024-01-04 14:48:00,5.35,5.35,5.33,5.34,78400.0,418672.0
2024-01-04 14:49:00,5.33,5.34,5.33,5.33,235000.0,1251826.0
2024-01-04 14:50:00,5.33,5.34,5.32,5.34,156500.0,835303.0
2024-01-04 14:51:00,5.34,5.35,5.34,5.34,142600.0,761740.0
2024-01-04 14:52:00,5.35,5.35,5.33,5.34,72600.0,387704.0
2024-01-04 14:53:00,5.33,5.34,5.33,5.33,22300.0,119050.0
2024-01-04 14:54:00,5.34,5.34,5.33,5.34,52400.0,279598.0
2024-01-04 14:55:00,5.34,5.34,5.33,5.34,71700.0,382517.3125
2024-01-04 14:56:00,5.34,5.34,5.33,5.34,62400.0,332875.0
2024-01-04 14:57:00,5.33,5.34,5.33,5.33,136700.0,729209.0
2024-01-04 14:58:00,5.34,5.34,5.34,5.34,2500.0,13350.0
2024-01-04 14:59:00,5.34,5.34,5.34,5.34,0.0,0.0
2024-01-04 15:00:00,5.35,5.35,5.35,5.35,311100.0,1664385.0
2024-01-05 09:31:00,5.31,5.35,5.31,5.32,475900.0,2535536.0
2024-01-05 09:32:00,5.32,5.32,5.3,5.31,146000.0,775824.0
2024-01-05 09:33:00,5.3,5.33,5.3,5.32,163600.0,869957.0
2024-01-05 09:34:00,5.32,5.35,5.32,5.34,122600.0,654382.0
2024-01-05 09:35:00,5.34,5.35,5.34,5.34,87700.0,468873.0
2024-01-05 09:36:00,5.35,5.35,5.34,5.34,70400.0,376347.0
2024-01-05 09:37:00,5.34,5.35,5.33,5.33,59900.0,319842.0
2024-01-05 09:38:00,5.33,5.35,5.33,5.35,70900.0,378567.0
2024-01-05 09:39:00,5.35,5.35,5.34,5.34,60700.0,324239.0
2024-01-05 09:40:00,5.34,5.36,5.34,5.36,153200.0,819440.0
2024-01-05 09:41:00,5.36,5.37,5.35,5.36,217300.0,1164054.0
2024-01-05 09:42:00,5.35,5.35,5.34,5.34,17300.0,92424.0
2024-01-05 09:43:00,5.34,5.35,5.33,5.34,207200.0,1107016.0
2024-01-05 09:44:00,5.34,5.36,5.34,5.36,144700.0,774772.0
2024-01-05 09:45:00,5.36,5.36,5.35,5.35,261000.0,1398093.0
2024-01-05 09:46:00,5.35,5.35,5.33,5.33,54100.0,289223.0
2024-01-05 09:47:00,5.33,5.33,5.33,5.33,43900.0,234052.0
2024-01-05 09:48:00,5.33,5.35,5.33,5.33,100600.0,536734.0
2024-01-05 09:49:00,5.33,5.36,5.33,5.36,147600.0,789553.0
2024-01-05 09:50:00,5.36,5.36,5.35,5.35,77300.0,413668.0
2024-01-05 09:51:00,5.35,5.36,5.35,5.36,36200.0,193785.0
2024-01-05 09:52:00,5.36,5.36,5.35,5.35,3200.0,17125.0
2024-01-05 09:53:00,5.35,5.36,5.35,5.35,46600.0,249331.0
2024-01-05 09:54:00,5.35,5.37,5.35,5.37,132000.0,707410.0
2024-01-05 09:55:00,5.37,5.39,5.37,5.38,206700.0,1111070.0
2024-01-05 09:56:00,5.37,5.38,5.37,5.37,149200.0,801307.0
2024-01-05 09:57:00,5.37,5.39,5.37,5.37,191400.0,1029755.0
2024-01-05 09:58:00,5.37,5.38,5.37,5.37,46100.0,247879.0
2024-01-05 09:59:00,5.37,5.39,5.37,5.38,67000.0,360400.0
2024-01-05 10:00:00,5.39,5.4,5.38,5.4,264000.0,1423270.0
2024-01-05 10:01:00,5.39,5.4,5.38,5.38,215600.0,1162709.0
2024-01-05 10:02:00,5.38,5.39,5.38,5.38,80700.0,434630.0
2024-01-05 10:03:00,5.38,5.39,5.38,5.38,109700.0,590757.0
2024-01-05 10:04:00,5.38,5.39,5.38,5.39,81300.0,437591.0
2024-01-05 10:05:00,5.38,5.39,5.37,5.37,88800.0,478000.0
2024-01-05 10:06:00,5.38,5.4,5.38,5.4,162100.0,873390.0
2024-01-05 10:07:00,5.39,5.41,5.39,5.4,288700.0,1558696.0
2024-01-05 10:08:00,5.39,5.4,5.39,5.4,73600.0,397412.0
2024-01-05 10:09:00,5.39,5.4,5.38,5.39,131100.0,706486.0
2024-01-05 10:10:00,5.4,5.4,5.38,5.38,27400.0,147679.0
2024-01-05 10:11:00,5.38,5.39,5.38,5.38,61600.0,331616.0
2024-01-05 10:12:00,5.38,5.39,5.38,5.39,52700.0,283783.0
2024-01-05 10:13:00,5.39,5.4,5.39,5.39,161300.0,869978.0
2024-01-05 10:14:00,5.39,5.41,5.39,5.41,202100.0,1091684.0
2024-01-05 10:15:00,5.4,5.41,5.4,5.4,243500.0,1316002.0
2024-01-05 10:16:00,5.41,5.41,5.4,5.4,153000.0,827600.0
2024-01-05 10:17:00,5.4,5.41,5.4,5.4,49700.0,268789.0
2024-01-05 10:18:00,5.4,5.41,5.39,5.4,621200.0,3354692.0
2024-01-05 10:19:00,5.4,5.4,5.39,5.39,80100.0,432391.0
2024-01-05 10:20:00,5.39,5.41,5.39,5.4,302500.0,1633778.0
2024-01-05 10:21:00,5.4,5.41,5.4,5.4,18100.0,97744.0
2024-01-05 10:22:00,5.4,5.41,5.4,5.4,107600.0,581928.0
2024-01-05 10:23:00,5.41,5.41,5.39,5.4,75100.0,405494.0
2024-01-05 10:24:00,5.39,5.4,5.39,5.4,78500.0,423471.0
2024-01-05 10:25:00,5.39,5.41,5.39,5.4,340800.0,1839602.0
2024-01-05 10:26:00,5.41,5.41,5.4,5.4,71600.0,386743.0
2024-01-05 10:27:00,5.41,5.42,5.4,5.41,186600.0,1009475.0
2024-01-05 10:28:00,5.41,5.41,5.4,5.41,48100.0,260124.0
2024-01-05 10:29:00,5.4,5.41,5.4,5.4,11100.0,60012.0
2024-01-05 10:30:00,5.4,5.41,5.4,5.4,13000.0,70226.0
2024-01-05 10:31:00,5.4,5.42,5.4,5.41,206400.0,1116767.375
2024-01-05 10:32:00,5.41,5.42,5.41,5.41,203900.0,1103283.0
2024-01-05 10:33:00,5.41,5.41,5.4,5.4,22200.0,119982.0
2024-01-05 10:34:00,5.4,5.4,5.39,5.4,188800.0,1019302.625
2024-01-05 10:35:00,5.4,5.4,5.39,5.39,26500.0,142996.0
2024-01-05 10:36:00,5.39,5.39,5.38,5.38,84300.0,454289.0
2024-01-05 10:37:00,5.38,5.39,5.37,5.37,77600.0,417513.0
2024-01-05 10:38:00,5.38,5.39,5.38,5.38,22400.0,120551.0
2024-01-05 10:39:00,5.38,5.38,5.38,5.38,14200.0,76396.0
2024-01-05 10:40:00,5.38,5.39,5.38,5.38,18300.0,98516.0
2024-01-05 10:41:00,5.39,5.39,5.38,5.39,13400.0,72170.0
2024-01-05 10:42:00,5.38,5.39,5.38,5.38,15400.0,82980.0
2024-01-05 10:43:00,5.38,5.39,5.38,5.39,8400.0,45212.0
2024-01-05 10:44:00,5.38,5.39,5.38,5.39,6400.0,34470.0
2024-01-05 10:45:00,5.38,5.39,5.38,5.38,32300.0,173838.0
2024-01-05 10:46:00,5.38,5.39,5.38,5.39,24800.0,133475.0
2024-01-05 10:47:00,5.38,5.39,5.38,5.39,33700.0,181560.0
2024-01-05 10:48:00,5.39,5.39,5.38,5.39,41500.0,223559.0
2024-01-05 10:49:00,5.38,5.38,5.38,5.38,52200.0,280836.0
2024-01-05 10:50:00,5.38,5.38,5.37,5.37,52000.0,279686.0
2024-01-05 10:51:00,5.38,5.38,5.37,5.37,67200.0,360865.0
2024-01-05 10:52:00,5.37,5.37,5.37,5.37,56500.0,303405.0
2024-01-05 10:53:00,5.37,5.38,5.37,5.37,27000.0,145122.0
2024-01-05 10:54:00,5.38,5.38,5.37,5.37,18700.0,100508.0
2024-01-05 10:55:00,5.37,5.38,5.37,5.38,20800.0,111761.0
2024-01-05 10:56:00,5.37,5.37,5.37,5.37,41500.0,222855.0
2024-01-05 10:57:00,5.37,5.38,5.36,5.36,46100.0,247472.0
2024-01-05 10:58:00,5.37,5.37,5.36,5.37,20500.0,109990.0
2024-01-05 10:59:00,5.36,5.37,5.35,5.35,140800.0,754648.0
2024-01-05 11:00:00,5.35,5.36,5.35,5.35,52800.0,282630.0
2024-01-05 11:01:00,5.35,5.36,5.35,5.36,11700.0,62686.0
2024-01-05 11:02:00,5.36,5.36,5.35,5.36,4300.0,23019.0
2024-01-05 11:03:00,5.35,5.36,5.35,5.36,13900.0,74383.0
2024-01-05 11:04:00,5.36,5.36,5.35,5.35,900.0,4820.0
2024-01-05 11:05:00,5.35,5.36,5.35,5.36,51400.0,275015.0
2024-01-05 11:06:00,5.36,5.36,5.35,5.35,21300.0,114038.0
2024-01-05 11:07:00,5.35,5.36,5.35,5.36,8000.0,42852.0
2024-01-05 11:08:00,5.36,5.36,5.35,5.35,14700.0,78658.0
2024-01-05 11:09:00,5.36,5.36,5.34,5.35,100000.0,534807.0
2024-01-05 11:10:00,5.35,5.35,5.34,5.34,27700.0,148038.0
2024-01-05 11:11:00,5.34,5.35,5.34,5.34,5600.0,29906.0
2024-01-05 11:12:00,5.35,5.35,5.34,5.35,9900.0,52891.0
2024-01-05 11:13:00,5.34,5.35,5.34,5.34,12600.0,67318.0
2024-01-05 11:14:00,5.35,5.35,5.34,5.35,19600.0,104754.0
2024-01-05 11:15:00,5.34,5.35,5.34,5.35,14500.0,77486.0
2024-01-05 11:16:00,5.34,5.35,5.34,5.34,9900.0,52921.0
2024-01-05 11:17:00,5.35,5.35,5.34,5.35,18000.0,96201.0
2024-01-05 11:18:00,5.35,5.35,5.34,5.35,21100.0,112825.0
2024-01-05 11:19:00,5.35,5.35,5.34,5.35,5300.0,28351.0
2024-01-05 11:20:00,5.34,5.35,5.34,5.35,14100.0,75312.0
2024-01-05 11:21:00,5.34,5.35,5.34,5.34,22800.0,121758.0
2024-01-05 11:22:00,5.34,5.35,5.34,5.35,33600.0,179460.0
2024-01-05 11:23:00,5.34,5.35,5.34,5.35,26600.0,142045.0
2024-01-05 11:24:00,5.35,5.35,5.34,5.35,11100.0,59308.0
2024-01-05 11:25:00,5.35,5.35,5.34,5.34,27300.0,145981.0
2024-01-05 11:26:00,5.34,5.34,5.34,5.34,131200.0,700555.0
2024-01-05 11:27:00,5.34,5.34,5.34,5.34,30300.0,161802.0
2024-01-05 11:28:00,5.34,5.34,5.34,5.34,16000.0,85445.0
2024-01-05 11:29:00,5.34,5.34,5.33,5.33,16000.0,85410.0
2024-01-05 11:30:00,5.33,5.34,5.33,5.33,24900.0,132938.0
2024-01-05 13:01:00,5.33,5.34,5.33,5.34,44200.0,235825.0
2024-01-05 13:02:00,5.34,5.34,5.33,5.34,9000.0,48054.0
2024-01-05 13:03:00,5.34,5.34,5.33,5.34,30500.0,162646.0
2024-01-05 13:04:00,5.33,5.34,5.33,5.33,28800.0,153531.0
2024-01-05 13:05:00,5.33,5.33,5.32,5.33,132700.0,707217.0
2024-01-05 13:06:00,5.33,5.33,5.33,5.33,24400.0,130052.0
2024-01-05 13:07:00,5.33,5.34,5.33,5.33,7700.0,41053.0
2024-01-05 13:08:00,5.33,5.34,5.33,5.33,29100.0,155104.0
2024-01-05 13:09:00,5.33,5.33,5.32,5.33,108400.0,577691.0
2024-01-05 13:10:00,5.32,5.33,5.32,5.33,36300.0,193437.0
2024-01-05 13:11:00,5.33,5.34,5.32,5.34,190100.0,1013280.0
2024-01-05 13:12:00,5.34,5.34,5.33,5.33,65600.0,349653.0
2024-01-05 13:13:00,5.33,5.34,5.32,5.33,65900.0,351236.0
2024-01-05 13:14:00,5.33,5.33,5.32,5.33,7100.0,37792.0
2024-01-05 13:15:00,5.33,5.33,5.33,5.33,4100.0,21846.0
2024-01-05 13:16:00,5.32,5.33,5.32,5.33,16300.0,86786.0
2024-01-05 13:17:00,5.33,5.33,5.32,5.33,37300.0,198631.0
2024-01-05 13:18:00,5.33,5.33,5.32,5.33,3200.0,17031.0
2024-01-05 13:19:00,5.33,5.33,5.32,5.33,15100.0,80453.0
2024-01-05 13:20:00,5.33,5.33,5.32,5.33,22600.0,120338.0
2024-01-05 13:21:00,5.32,5.33,5.32,5.32,195300.0,1039002.0
2024-01-05 13:22:00,5.32,5.33,5.32,5.33,177900.0,946640.0
2024-01-05 13:23:00,5.32,5.33,5.32,5.32,17500.0,93102.0
2024-01-05 13:24:00,5.32,5.33,5.31,5.31,84700.0,450570.0
2024-01-05 13:25:00,5.31,5.32,5.31,5.32,25300.0,134556.0
2024-01-05 13:26:00,5.32,5.33,5.32,5.33,104200.0,554343.0
2024-01-05 13:27:00,5.32,5.33,5.31,5.31,79400.0,422425.0
2024-01-05 13:28:00,5.31,5.32,5.31,5.31,33300.0,176939.0
2024-01-05 13:29:00,5.31,5.32,5.31,5.32,55900.0,297032.0
2024-01-05 13:30:00,5.32,5.32,5.31,5.31,15000.0,79793.0
2024-01-05 13:31:00,5.32,5.32,5.31,5.32,110100.0,585026.0
2024-01-05 13:32:00,5.32,5.33,5.32,5.33,273900.0,1457791.0
2024-01-05 13:33:00,5.33,5.34,5.32,5.33,75400.0,401855.0
2024-01-05 13:34:00,5.33,5.33,5.33,5.33,9100.0,48503.0
2024-01-05 13:35:00,5.33,5.33,5.32,5.33,18600.0,99135.0
2024-01-05 13:36:00,5.33,5.33,5.33,5.33,43200.0,230235.0
2024-01-05 13:37:00,5.33,5.34,5.33,5.33,89000.0,474467.0
2024-01-05 13:38:00,5.33,5.34,5.32,5.33,45200.0,240891.0
2024-01-05 13:39:00,5.33,5.33,5.32,5.32,4600.0,24481.0
2024-01-05 13:40:00,5.33,5.33,5.32,5.33,4900.0,26076.0
2024-01-05 13:41:00,5.32,5.33,5.32,5.33,4000.0,21319.0
2024-01-05 13:42:00,5.32,5.33,5.32,5.33,2800.0,14898.0
2024-01-05 13:43:00,5.32,5.33,5.32,5.33,4400.0,23412.0
2024-01-05 13:44:00,5.32,5.33,5.32,5.33,3500.0,18640.0
2024-01-05 13:45:00,5.33,5.33,5.32,5.33,15600.0,83006.0
2024-01-05 13:46:00,5.32,5.33,5.31,5.31,180100.0,957978.0
2024-01-05 13:47:00,5.32,5.32,5.31,5.31,8400.0,44660.0
2024-01-05 13:48:00,5.31,5.32,5.31,5.31,16800.0,89212.0
2024-01-05 13:49:00,5.31,5.32,5.31,5.31,44700.0,237367.0
2024-01-05 13:50:00,5.31,5.32,5.31,5.31,10900.0,57891.0
2024-01-05 13:51:00,5.31,5.32,5.31,5.31,14800.0,78593.0
2024-01-05 13:52:00,5.32,5.32,5.31,5.31,10500.0,55780.0
2024-01-05 13:53:00,5.32,5.32,5.31,5.31,13700.0,72822.0
2024-01-05 13:54:00,5.31,5.31,5.31,5.31,65500.0,347812.0
2024-01-05 13:55:00,5.31,5.32,5.31,5.31,37600.0,199671.0
2024-01-05 13:56:00,5.31,5.32,5.31,5.31,136400.0,724406.0
2024-01-05 13:57:00,5.31,5.32,5.31,5.31,60000.0,318607.0
2024-01-05 13:58:00,5.31,5.31,5.3,5.3,36300.0,192737.0
2024-01-05 13:59:00,5.3,5.31,5.3,5.3,10000.0,53001.0
2024-01-05 14:00:00,5.3,5.31,5.3,5.3,22100.0,117131.0
2024-01-05 14:01:00,5.3,5.32,5.3,5.32,654400.0,3477413.0
2024-01-05 14:02:00,5.32,5.32,5.32,5.32,70200.0,373456.0
2024-01-05 14:03:00,5.32,5.32,5.31,5.32,15400.0,81884.0
2024-01-05 14:04:00,5.32,5.32,5.31,5.31,4700.0,24972.0
2024-01-05 14:05:00,5.32,5.32,5.31,5.32,9500.0,50524.0
2024-01-05 14:06:00,5.32,5.32,5.31,5.31,11100.0,58971.0
2024-01-05 14:07:00,5.31,5.32,5.31,5.32,9400.0,49960.0
2024-01-05 14:08:00,5.31,5.31,5.31,5.31,13800.0,73344.0
2024-01-05 14:09:00,5.31,5.32,5.31,5.31,2300.0,12214.0
2024-01-05 14:10:00,5.32,5.32,5.31,5.31,5000.0,26589.0
2024-01-05 14:11:00,5.31,5.32,5.31,5.31,189200.0,1004650.0
2024-01-05 14:12:00,5.31,5.31,5.3,5.3,7800.0,41414.0
2024-01-05 14:13:00,5.3,5.3,5.3,5.3,300.0,1590.0
2024-01-05 14:14:00,5.3,5.31,5.3,5.3,10100.0,53555.0
2024-01-05 14:15:00,5.3,5.31,5.3,5.31,18000.0,95421.0
2024-01-05 14:16:00,5.31,5.31,5.3,5.31,14700.0,77959.0
2024-01-05 14:17:00,5.3,5.3,5.28,5.3,469500.0,2486506.0
2024-01-05 14:18:00,5.3,5.3,5.29,5.29,266600.0,1410470.0
2024-01-05 14:19:00,5.29,5.3,5.29,5.29,226300.0,1197177.0
2024-01-05 14:20:00,5.29,5.3,5.29,5.29,138400.0,732180.0
2024-01-05 14:21:00,5.3,5.3,5.29,5.3,46200.0,244646.0
2024-01-05 14:22:00,5.3,5.3,5.29,5.29,24600.0,130228.0
2024-01-05 14:23:00,5.29,5.3,5.29,5.29,69400.0,367061.0
2024-01-05 14:24:00,5.29,5.3,5.27,5.27,294000.0,1552034.0
2024-01-05 14:25:00,5.28,5.29,5.26,5.29,208600.0,1100877.0
2024-01-05 14:26:00,5.28,5.28,5.27,5.28,431800.0,2276676.0
2024-01-05 14:27:00,5.28,5.28,5.26,5.27,113900.0,600070.0
2024-01-05 14:28:00,5.27,5.28,5.27,5.27,38300.0,201852.0
2024-01-05 14:29:00,5.27,5.28,5.26,5.28,125700.0,662188.0
2024-01-05 14:30:00,5.26,5.28,5.26,5.27,337100.0,1776358.0
2024-01-05 14:31:00,5.27,5.27,5.27,5.27,40900.0,215547.0
2024-01-05 14:32:00,5.27,5.28,5.26,5.27,110600.0,582586.0
2024-01-05 14:33:00,5.27,5.27,5.26,5.26,57900.0,304763.0
2024-01-05 14:34:00,5.27,5.28,5.26,5.28,540700.0,2848923.0
2024-01-05 14:35:00,5.27,5.27,5.26,5.26,33500.0,176376.0
2024-01-05 14:36:00,5.26,5.27,5.25,5.25,155200.0,816124.0
2024-01-05 14:37:00,5.27,5.27,5.25,5.26,103800.0,546057.0
2024-01-05 14:38:00,5.26,5.27,5.25,5.26,60200.0,316604.0
2024-01-05 14:39:00,5.26,5.27,5.25,5.27,104100.0,547389.0
2024-01-05 14:40:00,5.26,5.26,5.25,5.25,70500.0,370414.0
2024-01-05 14:41:00,5.26,5.26,5.24,5.26,269600.0,1416447.0
2024-01-05 14:42:00,5.26,5.26,5.24,5.24,99200.0,520553.0
2024-01-05 14:43:00,5.25,5.26,5.25,5.25,204600.0,1074210.0
2024-01-05 14:44:00,5.25,5.26,5.25,5.25,31800.0,166974.0
2024-01-05 14:45:00,5.25,5.26,5.25,5.26,67200.0,353270.0
2024-01-05 14:46:00,5.26,5.27,5.26,5.27,65400.0,344104.0
2024-01-05 14:47:00,5.27,5.27,5.26,5.26,44700.0,235209.0
2024-01-05 14:48:00,5.26,5.27,5.26,5.26,42100.0,221500.0
2024-01-05 14:49:00,5.27,5.27,5.26,5.26,19900.0,104692.0
2024-01-05 14:50:00,5.27,5.27,5.26,5.27,97700.0,514209.0
2024-01-05 14:51:00,5.27,5.27,5.26,5.27,63700.0,335324.0
2024-01-05 14:52:00,5.27,5.27,5.26,5.26,56100.0,295298.0
2024-01-05 14:53:00,5.27,5.28,5.26,5.28,140700.0,741604.0
2024-01-05 14:54:00,5.27,5.28,5.27,5.27,48000.0,253045.0
2024-01-05 14:55:00,5.27,5.28,5.26,5.26,90100.0,474819.0
2024-01-05 14:56:00,5.27,5.27,5.26,5.27,45800.0,241164.0
2024-01-05 14:57:00,5.26,5.27,5.26,5.26,164900.0,867491.0
2024-01-05 14:58:00,5.27,5.27,5.27,5.27,200.0,1054.0
2024-01-05 14:59:00,5.27,5.27,5.27,5.27,0.0,0.0
2024-01-05 15:00:00,5.28,5.28,5.28,5.28,267700.0,1413456.0
2024-01-08 09:31:00,5.23,5.29,5.23,5.27,416800.0,2190999.0
2024-01-08 09:32:00,5.27,5.27,5.22,5.22,311700.0,1634183.0
2024-01-08 09:33:00,5.22,5.24,5.22,5.24,104100.0,544572.0
2024-01-08 09:34:00,5.24,5.25,5.23,5.23,179300.0,939672.0
2024-01-08 09:35:00,5.23,5.23,5.22,5.22,92800.0,484812.0
2024-01-08 09:36:00,5.22,5.22,5.21,5.21,205000.0,1068511.0
2024-01-08 09:37:00,5.21,5.21,5.19,5.21,155600.0,809471.0
2024-01-08 09:38:00,5.21,5.21,5.19,5.19,164700.0,855732.0
2024-01-08 09:39:00,5.18,5.21,5.18,5.19,495700.0,2577309.0
2024-01-08 09:40:00,5.2,5.2,5.19,5.2,67600.0,351426.0
2024-01-08 09:41:00,5.2,5.21,5.19,5.2,238200.0,1238768.0
2024-01-08 09:42:00,5.2,5.2,5.18,5.19,254700.0,1321128.0
2024-01-08 09:43:00,5.19,5.19,5.16,5.18,177600.0,919006.0
2024-01-08 09:44:00,5.17,5.17,5.16,5.17,329800.0,1704938.0
2024-01-08 09:45:00,5.17,5.17,5.16,5.17,229600.0,1185257.0
2024-01-08 09:46:00,5.17,5.18,5.17,5.18,83200.0,430203.0
2024-01-08 09:47:00,5.18,5.18,5.17,5.18,85700.0,443845.0
2024-01-08 09:48:00,5.18,5.18,5.17,5.17,58300.0,301677.0
2024-01-08 09:49:00,5.18,5.19,5.17,5.18,65700.0,340200.0
2024-01-08 09:50:00,5.17,5.18,5.17,5.18,29700.0,153764.0
2024-01-08 09:51:00,5.17,5.18,5.17,5.17,107800.0,558339.0
2024-01-08 09:52:00,5.17,5.18,5.17,5.18,22900.0,118418.0
2024-01-08 09:53:00,5.18,5.18,5.16,5.16,158800.0,820982.0
2024-01-08 09:54:00,5.16,5.17,5.16,5.17,101600.0,524290.0
2024-01-08 09:55:00,5.17,5.17,5.16,5.16,51100.0,263773.0
2024-01-08 09:56:00,5.16,5.17,5.16,5.16,40900.0,211138.0
2024-01-08 09:57:00,5.17,5.17,5.16,5.16,98500.0,508952.0
2024-01-08 09:58:00,5.16,5.18,5.16,5.17,93400.0,482663.0
2024-01-08 09:59:00,5.18,5.18,5.17,5.17,118100.0,610654.0
2024-01-08 10:00:00,5.17,5.19,5.16,5.19,245400.0,1269509.0
2024-01-08 10:01:00,5.19,5.2,5.18,5.19,126800.0,657778.0
2024-01-08 10:02:00,5.2,5.2,5.18,5.18,54000.0,280165.0
2024-01-08 10:03:00,5.18,5.19,5.18,5.18,15700.0,81329.0
2024-01-08 10:04:00,5.18,5.19,5.18,5.18,63800.0,330529.0
2024-01-08 10:05:00,5.18,5.19,5.18,5.19,99700.0,517444.0
2024-01-08 10:06:00,5.19,5.21,5.19,5.21,91200.0,474505.0
2024-01-08 10:07:00,5.21,5.22,5.2,5.21,59900.0,311977.0
2024-01-08 10:08:00,5.2,5.21,5.2,5.2,29000.0,150881.0
2024-01-08 10:09:00,5.21,5.21,5.2,5.21,21200.0,110251.0
2024-01-08 10:10:00,5.2,5.21,5.2,5.21,24400.0,127035.0
2024-01-08 10:11:00,5.21,5.21,5.2,5.2,102300.0,532146.0
2024-01-08 10:12:00,5.2,5.2,5.19,5.19,61300.0,318712.0
2024-01-08 10:13:00,5.19,5.2,5.19,5.2,42700.0,221875.0
2024-01-08 10:14:00,5.2,5.2,5.19,5.19,23500.0,122095.0
2024-01-08 10:15:00,5.19,5.2,5.19,5.19,12500.0,64885.0
2024-01-08 10:16:00,5.19,5.2,5.19,5.19,83900.0,435493.0
2024-01-08 10:17:00,5.19,5.2,5.19,5.19,10000.0,51911.0
2024-01-08 10:18:00,5.19,5.2,5.19,5.19,17900.0,92908.0
2024-01-08 10:19:00,5.19,5.2,5.19,5.2,49500.0,257305.0
2024-01-08 10:20:00,5.2,5.21,5.19,5.19,61600.0,320325.0
2024-01-08 10:21:00,5.19,5.2,5.19,5.19,10300.0,53484.0
2024-01-08 10:22:00,5.2,5.2,5.19,5.19,18700.0,97114.0
2024-01-08 10:23:00,5.19,5.2,5.19,5.19,63500.0,329903.0
2024-01-08 10:24:00,5.19,5.19,5.18,5.18,87500.0,453982.0
2024-01-08 10:25:00,5.19,5.19,5.18,5.18,39600.0,205149.0
2024-01-08 10:26:00,5.18,5.18,5.17,5.18,83700.0,433509.0
2024-01-08 10:27:00,5.19,5.19,5.18,5.18,14100.0,73050.0
2024-01-08 10:28:00,5.18,5.19,5.18,5.18,11800.0,61151.0
2024-01-08 10:29:00,5.19,5.19,5.18,5.18,10700.0,55467.0
2024-01-08 10:30:00,5.18,5.19,5.18,5.18,16800.0,87032.0
2024-01-08 10:31:00,5.19,5.19,5.18,5.18,22200.0,115114.0
2024-01-08 10:32:00,5.2,5.2,5.19,5.19,101300.0,525916.0
2024-01-08 10:33:00,5.2,5.21,5.19,5.21,122100.0,635516.0
2024-01-08 10:34:00,5.21,5.21,5.2,5.2,25600.0,133191.0
2024-01-08 10:35:00,5.2,5.23,5.2,5.22,230600.0,1201369.0
2024-01-08 10:36:00,5.23,5.23,5.21,5.21,47000.0,245303.0
2024-01-08 10:37:00,5.22,5.22,5.21,5.22,3500.0,18258.0
2024-01-08 10:38:00,5.22,5.23,5.22,5.23,74400.0,388679.0
2024-01-08 10:39:00,5.24,5.24,5.22,5.23,84400.0,441326.0
2024-01-08 10:40:00,5.23,5.23,5.22,5.22,2400.0,12538.0
2024-01-08 10:41:00,5.22,5.23,5.22,5.22,34600.0,180621.0
2024-01-08 10:42:00,5.22,5.22,5.21,5.21,45700.0,238537.0
2024-01-08 10:43:00,5.22,5.23,5.22,5.22,40800.0,212980.0
2024-01-08 10:44:00,5.22,5.22,5.21,5.22,1800.0,9388.0
2024-01-08 10:45:00,5.21,5.21,5.21,5.21,5500.0,28655.0
2024-01-08 10:46:00,5.21,5.21,5.21,5.21,22300.0,116183.0
2024-01-08 10:47:00,5.21,5.22,5.2,5.21,135300.0,704729.0
2024-01-08 10:48:00,5.22,5.22,5.21,5.21,9800.0,51059.0
2024-01-08 10:49:00,5.21,5.22,5.21,5.21,57800.0,301142.0
2024-01-08 10:50:00,5.21,5.21,5.21,5.21,7600.0,39596.0
2024-01-08 10:51:00,5.21,5.22,5.2,5.21,54800.0,285749.0
2024-01-08 10:52:00,5.21,5.21,5.21,5.21,15400.0,80237.0
2024-01-08 10:53:00,5.21,5.21,5.2,5.21,42200.0,219859.0
2024-01-08 10:54:00,5.21,5.22,5.2,5.2,35800.0,186290.0
2024-01-08 10:55:00,5.21,5.21,5.2,5.21,27800.0,144798.0
2024-01-08 10:56:00,5.21,5.22,5.21,5.21,1200.0,6257.0
2024-01-08 10:57:00,5.21,5.21,5.21,5.21,33800.0,176098.0
2024-01-08 10:58:00,5.21,5.22,5.2,5.22,29100.0,151669.0
2024-01-08 10:59:00,5.22,5.22,5.21,5.21,5500.0,28657.0
2024-01-08 11:00:00,5.21,5.22,5.2,5.22,61700.0,321443.0
2024-01-08 11:01:00,5.21,5.22,5.21,5.22,30000.0,156466.0
2024-01-08 11:02:00,5.21,5.21,5.2,5.2,57200.0,297987.0
2024-01-08 11:03:00,5.2,5.2,5.2,5.2,6000.0,31200.0
2024-01-08 11:04:00,5.2,5.21,5.2,5.21,2800.0,14580.0
2024-01-08 11:05:00,5.2,5.21,5.2,5.2,5800.0,30166.0
2024-01-08 11:06:00,5.2,5.2,5.2,5.2,12700.0,66040.0
2024-01-08 11:07:00,5.2,5.2,5.2,5.2,7700.0,40040.0
2024-01-08 11:08:00,5.2,5.2,5.19,5.2,42600.0,221383.0
2024-01-08 11:09:00,5.19,5.2,5.19,5.2,60000.0,311855.0
2024-01-08 11:10:00,5.19,5.21,5.19,5.2,67300.0,349962.0
2024-01-08 11:11:00,5.21,5.21,5.2,5.2,40100.0,208521.0
2024-01-08 11:12:00,5.21,5.21,5.2,5.21,7800.0,40587.0
2024-01-08 11:13:00,5.2,5.22,5.2,5.22,75200.0,391582.0
2024-01-08 11:14:00,5.21,5.21,5.2,5.2,35200.0,183354.0
2024-01-08 11:15:00,5.21,5.21,5.2,5.2,16500.0,85836.0
2024-01-08 11:16:00,5.2,5.2,5.2,5.2,8900.0,46280.0
2024-01-08 11:17:00,5.2,5.21,5.2,5.21,167000.0,870471.0
2024-01-08 11:18:00,5.22,5.23,5.21,5.23,75400.0,393577.0
2024-01-08 11:19:00,5.22,5.23,5.22,5.22,9200.0,48035.0
2024-01-08 11:20:00,5.23,5.23,5.21,5.22,40500.0,211514.0
2024-01-08 11:21:00,5.22,5.23,5.21,5.22,26600.0,138733.0
2024-01-08 11:22:00,5.22,5.22,5.21,5.21,13300.0,69331.0
2024-01-08 11:23:00,5.21,5.21,5.21,5.21,30900.0,160989.0
2024-01-08 11:24:00,5.21,5.21,5.2,5.2,27400.0,142734.0
2024-01-08 11:25:00,5.2,5.2,5.2,5.2,14100.0,73320.0
2024-01-08 11:26:00,5.2,5.2,5.2,5.2,15000.0,78005.0
2024-01-08 11:27:00,5.2,5.2,5.2,5.2,18500.0,96200.0
2024-01-08 11:28:00,5.2,5.21,5.2,5.2,10900.0,56681.0
2024-01-08 11:29:00,5.2,5.21,5.2,5.2,10100.0,52523.0
2024-01-08 11:30:00,5.21,5.21,5.2,5.21,30100.0,156678.0
2024-01-08 13:01:00,5.21,5.21,5.2,5.21,24500.0,127463.0
2024-01-08 13:02:00,5.21,5.22,5.21,5.21,33100.0,172468.0
2024-01-08 13:03:00,5.21,5.22,5.2,5.2,33300.0,173480.0
2024-01-08 13:04:00,5.2,5.2,5.2,5.2,64100.0,333317.0
2024-01-08 13:05:00,5.2,5.21,5.2,5.21,33300.0,173433.0
2024-01-08 13:06:00,5.22,5.22,5.21,5.21,22500.0,117279.0
2024-01-08 13:07:00,5.21,5.21,5.2,5.2,26000.0,135435.0
2024-01-08 13:08:00,5.2,5.2,5.2,5.2,6800.0,35360.0
2024-01-08 13:09:00,5.2,5.2,5.19,5.19,59000.0,306686.0
2024-01-08 13:10:00,5.19,5.19,5.19,5.19,7000.0,36330.0
2024-01-08 13:11:00,5.2,5.2,5.19,5.19,16600.0,86305.0
2024-01-08 13:12:00,5.19,5.19,5.19,5.19,7400.0,38411.0
2024-01-08 13:13:00,5.19,5.2,5.19,5.19,15900.0,82557.0
2024-01-08 13:14:00,5.19,5.19,5.19,5.19,20500.0,106396.0
2024-01-08 13:15:00,5.19,5.2,5.19,5.19,35700.0,185320.0
2024-01-08 13:16:00,5.2,5.2,5.18,5.19,49000.0,254314.0
2024-01-08 13:17:00,5.19,5.19,5.18,5.18,19000.0,98585.0
2024-01-08 13:18:00,5.18,5.19,5.18,5.18,16900.0,87624.0
2024-01-08 13:19:00,5.18,5.19,5.18,5.18,8400.0,43579.0
2024-01-08 13:20:00,5.19,5.19,5.18,5.18,3200.0,16582.0
2024-01-08 13:21:00,5.18,5.19,5.18,5.18,20600.0,106732.0
2024-01-08 13:22:00,5.18,5.18,5.18,5.18,13600.0,70464.0
2024-01-08 13:23:00,5.18,5.19,5.18,5.18,9200.0,47662.0
2024-01-08 13:24:00,5.18,5.19,5.18,5.18,27300.0,141433.0
2024-01-08 13:25:00,5.18,5.19,5.18,5.18,7800.0,40449.0
2024-01-08 13:26:00,5.18,5.19,5.18,5.18,800.0,4147.0
2024-01-08 13:27:00,5.19,5.19,5.18,5.18,4600.0,23849.0
2024-01-08 13:28:00,5.18,5.18,5.18,5.18,7000.0,36260.0
2024-01-08 13:29:00,5.18,5.18,5.18,5.18,108900.0,564099.0
2024-01-08 13:30:00,5.18,5.19,5.18,5.18,12000.0,62170.0
2024-01-08 13:31:00,5.18,5.18,5.18,5.18,13300.0,68894.0
2024-01-08 13:32:00,5.19,5.2,5.18,5.19,68200.0,353964.0
2024-01-08 13:33:00,5.19,5.19,5.19,5.19,42600.0,221094.0
2024-01-08 13:34:00,5.19,5.19,5.18,5.18,18500.0,95968.0
2024-01-08 13:35:00,5.18,5.19,5.18,5.18,17000.0,88063.0
2024-01-08 13:36:00,5.18,5.18,5.18,5.18,42200.0,218596.0
2024-01-08 13:37:00,5.18,5.19,5.18,5.18,19700.0,102047.0
2024-01-08 13:38:00,5.18,5.19,5.18,5.18,8000.0,41452.0
2024-01-08 13:39:00,5.18,5.19,5.18,5.18,4900.0,25401.0
2024-01-08 13:40:00,5.18,5.19,5.18,5.18,11200.0,58028.0
2024-01-08 13:41:00,5.19,5.19,5.18,5.18,62600.0,324319.0
2024-01-08 13:42:00,5.18,5.18,5.18,5.18,8200.0,42478.0
2024-01-08 13:43:00,5.18,5.18,5.18,5.18,5400.0,27972.0
2024-01-08 13:44:00,5.18,5.19,5.18,5.18,6300.0,32635.0
2024-01-08 13:45:00,5.18,5.19,5.18,5.18,26900.0,139351.0
2024-01-08 13:46:00,5.19,5.19,5.17,5.18,51600.0,267124.0
2024-01-08 13:47:00,5.18,5.18,5.17,5.18,42200.0,218430.0
2024-01-08 13:48:00,5.17,5.18,5.17,5.18,12700.0,65756.0
2024-01-08 13:49:00,5.18,5.19,5.18,5.18,48600.0,251758.0
2024-01-08 13:50:00,5.18,5.18,5.18,5.18,61000.0,315980.0
2024-01-08 13:51:00,5.18,5.18,5.17,5.17,33500.0,173508.0
2024-01-08 13:52:00,5.17,5.18,5.17,5.17,27000.0,139660.0
2024-01-08 13:53:00,5.17,5.17,5.17,5.17,7800.0,40326.0
2024-01-08 13:54:00,5.17,5.17,5.17,5.17,27000.0,139604.0
2024-01-08 13:55:00,5.17,5.17,5.16,5.16,241000.0,1245443.0
2024-01-08 13:56:00,5.17,5.18,5.17,5.17,36800.0,190351.0
2024-01-08 13:57:00,5.17,5.17,5.17,5.17,6600.0,34122.0
2024-01-08 13:58:00,5.17,5.18,5.17,5.17,21300.0,110190.0
2024-01-08 13:59:00,5.18,5.18,5.17,5.17,9600.0,49673.0
2024-01-08 14:00:00,5.17,5.18,5.17,5.17,31900.0,164946.0
2024-01-08 14:01:00,5.18,5.18,5.16,5.16,47000.0,242961.0
2024-01-08 14:02:00,5.17,5.17,5.16,5.16,64200.0,331284.0
2024-01-08 14:03:00,5.16,5.17,5.15,5.15,75500.0,389570.0
2024-01-08 14:04:00,5.16,5.18,5.16,5.17,81200.0,419686.0
2024-01-08 14:05:00,5.18,5.18,5.17,5.18,110200.0,569986.0
2024-01-08 14:06:00,5.18,5.19,5.17,5.18,85600.0,443329.0
2024-01-08 14:07:00,5.19,5.2,5.19,5.2,225800.0,1172570.0
2024-01-08 14:08:00,5.2,5.2,5.19,5.19,30900.0,160621.0
2024-01-08 14:09:00,5.19,5.21,5.19,5.2,174400.0,907232.0
2024-01-08 14:10:00,5.19,5.19,5.19,5.19,19500.0,101209.0
2024-01-08 14:11:00,5.19,5.19,5.17,5.17,162600.0,843076.0
2024-01-08 14:12:00,5.17,5.17,5.16,5.16,87000.0,449663.0
2024-01-08 14:13:00,5.16,5.17,5.16,5.16,11800.0,60903.0
2024-01-08 14:14:00,5.16,5.17,5.16,5.16,6300.0,32514.0
2024-01-08 14:15:00,5.17,5.18,5.17,5.18,69000.0,356759.0
2024-01-08 14:16:00,5.17,5.18,5.17,5.17,15100.0,78074.0
2024-01-08 14:17:00,5.18,5.18,5.17,5.17,28300.0,146315.0
2024-01-08 14:18:00,5.17,5.17,5.17,5.17,14000.0,72383.0
2024-01-08 14:19:00,5.18,5.18,5.17,5.18,8500.0,43965.0
2024-01-08 14:20:00,5.18,5.18,5.17,5.17,18300.0,94690.0
2024-01-08 14:21:00,5.18,5.18,5.17,5.17,11600.0,59992.0
2024-01-08 14:22:00,5.17,5.18,5.17,5.18,9300.0,48100.0
2024-01-08 14:23:00,5.17,5.18,5.17,5.18,23800.0,123238.0
2024-01-08 14:24:00,5.18,5.19,5.17,5.18,53900.0,279075.0
2024-01-08 14:25:00,5.18,5.18,5.17,5.18,9900.0,51256.0
2024-01-08 14:26:00,5.17,5.18,5.17,5.18,6800.0,35215.0
2024-01-08 14:27:00,5.18,5.19,5.18,5.19,40500.0,209832.0
2024-01-08 14:28:00,5.19,5.19,5.18,5.19,17300.0,89735.0
2024-01-08 14:29:00,5.19,5.19,5.18,5.19,3900.0,20224.0
2024-01-08 14:30:00,5.18,5.19,5.18,5.19,25800.0,133800.0
2024-01-08 14:31:00,5.19,5.19,5.17,5.17,70400.0,364684.0
2024-01-08 14:32:00,5.17,5.18,5.17,5.17,3900.0,20166.0
2024-01-08 14:33:00,5.17,5.17,5.16,5.16,66700.0,344849.0
2024-01-08 14:34:00,5.17,5.17,5.16,5.17,4900.0,25308.0
2024-01-08 14:35:00,5.17,5.17,5.16,5.16,13800.0,71247.0
2024-01-08 14:36:00,5.16,5.17,5.16,5.16,29200.0,150839.0
2024-01-08 14:37:00,5.17,5.17,5.16,5.17,9800.0,50608.0
2024-01-08 14:38:00,5.16,5.17,5.16,5.17,53200.0,274939.0
2024-01-08 14:39:00,5.17,5.17,5.16,5.17,62500.0,322764.0
2024-01-08 14:40:00,5.17,5.17,5.16,5.17,57500.0,297023.0
2024-01-08 14:41:00,5.17,5.17,5.16,5.17,19400.0,100220.0
2024-01-08 14:42:00,5.17,5.17,5.16,5.17,41200.0,212703.0
2024-01-08 14:43:00,5.17,5.17,5.16,5.16,79100.0,408578.0
2024-01-08 14:44:00,5.17,5.17,5.16,5.17,92600.0,478618.0
2024-01-08 14:45:00,5.17,5.17,5.16,5.17,18000.0,93034.0
2024-01-08 14:46:00,5.17,5.17,5.16,5.17,150200.0,776455.0
2024-01-08 14:47:00,5.17,5.17,5.16,5.16,28100.0,145245.0
2024-01-08 14:48:00,5.17,5.17,5.16,5.17,73600.0,379921.0
2024-01-08 14:49:00,5.17,5.17,5.16,5.16,238000.0,1228196.0
2024-01-08 14:50:00,5.16,5.16,5.15,5.16,152300.0,785655.0
2024-01-08 14:51:00,5.16,5.16,5.15,5.15,68100.0,351164.0
2024-01-08 14:52:00,5.15,5.16,5.15,5.16,170200.0,877044.0
2024-01-08 14:53:00,5.16,5.16,5.15,5.16,33300.0,171578.0
2024-01-08 14:54:00,5.16,5.16,5.14,5.15,279200.0,1438009.0
2024-01-08 14:55:00,5.15,5.16,5.15,5.15,51800.0,266853.0
2024-01-08 14:56:00,5.15,5.15,5.14,5.14,54400.0,279942.0
2024-01-08 14:57:00,5.14,5.15,5.14,5.15,64400.0,331440.0
2024-01-08 14:58:00,5.15,5.15,5.15,5.15,0.0,0.0
2024-01-08 14:59:00,5.15,5.15,5.15,5.15,0.0,0.0
2024-01-08 15:00:00,5.14,5.14,5.14,5.14,223400.0,1148507.25
2024-01-09 09:31:00,5.16,5.19,5.13,5.14,526500.0,2722050.0
2024-01-09 09:32:00,5.13,5.14,5.13,5.14,115000.0,590437.0
2024-01-09 09:33:00,5.14,5.14,5.12,5.13,135900.0,697548.0
2024-01-09 09:34:00,5.14,5.15,5.14,5.15,65900.0,338859.0
2024-01-09 09:35:00,5.15,5.15,5.13,5.15,130500.0,670990.0
2024-01-09 09:36:00,5.14,5.17,5.14,5.17,143800.0,742345.0
2024-01-09 09:37:00,5.17,5.19,5.17,5.17,139300.0,720993.0
2024-01-09 09:38:00,5.18,5.18,5.16,5.17,56500.0,291954.0
2024-01-09 09:39:00,5.17,5.18,5.16,5.18,82300.0,425610.0
2024-01-09 09:40:00,5.18,5.18,5.15,5.15,193200.0,997890.0
2024-01-09 09:41:00,5.15,5.17,5.15,5.17,61500.0,317226.0
2024-01-09 09:42:00,5.17,5.17,5.15,5.15,163700.0,844938.0
2024-01-09 09:43:00,5.16,5.17,5.16,5.16,69200.0,357134.0
2024-01-09 09:44:00,5.17,5.18,5.16,5.18,85400.0,441756.0
2024-01-09 09:45:00,5.18,5.18,5.17,5.17,70000.0,362058.0
2024-01-09 09:46:00,5.16,5.18,5.16,5.17,74600.0,385563.0
2024-01-09 09:47:00,5.17,5.17,5.16,5.17,6100.0,31529.0
2024-01-09 09:48:00,5.17,5.18,5.16,5.18,71500.0,369619.0
2024-01-09 09:49:00,5.17,5.18,5.16,5.18,87400.0,451778.0
2024-01-09 09:50:00,5.18,5.18,5.17,5.18,21400.0,110740.0
2024-01-09 09:51:00,5.17,5.18,5.17,5.18,11700.0,60541.0
2024-01-09 09:52:00,5.17,5.18,5.17,5.17,63900.0,330384.0
2024-01-09 09:53:00,5.17,5.18,5.16,5.18,70700.0,365262.0
2024-01-09 09:54:00,5.17,5.18,5.16,5.16,196900.0,1016580.0
2024-01-09 09:55:00,5.16,5.17,5.16,5.17,6600.0,34093.0
2024-01-09 09:56:00,5.16,5.17,5.16,5.17,22500.0,116131.0
2024-01-09 09:57:00,5.16,5.17,5.16,5.17,21800.0,112607.0
2024-01-09 09:58:00,5.17,5.18,5.17,5.17,103200.0,533546.0
2024-01-09 09:59:00,5.18,5.18,5.16,5.18,26300.0,136037.0
2024-01-09 10:00:00,5.17,5.18,5.16,5.18,93600.0,484115.0
2024-01-09 10:01:00,5.18,5.19,5.17,5.17,411400.0,2130979.0
2024-01-09 10:02:00,5.17,5.17,5.17,5.17,53900.0,278888.0
2024-01-09 10:03:00,5.17,5.17,5.17,5.17,8500.0,43951.0
2024-01-09 10:04:00,5.17,5.18,5.17,5.18,27900.0,144416.0
2024-01-09 10:05:00,5.19,5.2,5.18,5.19,36700.0,190431.0
2024-01-09 10:06:00,5.2,5.2,5.19,5.2,18500.0,96092.0
2024-01-09 10:07:00,5.2,5.2,5.18,5.19,267400.0,1388287.0
2024-01-09 10:08:00,5.19,5.19,5.18,5.18,27700.0,143736.0
2024-01-09 10:09:00,5.18,5.19,5.18,5.19,18100.0,93815.0
2024-01-09 10:10:00,5.18,5.19,5.18,5.18,29100.0,150852.0
2024-01-09 10:11:00,5.19,5.19,5.18,5.19,14400.0,74682.0
2024-01-09 10:12:00,5.19,5.2,5.18,5.2,58000.0,301010.0
2024-01-09 10:13:00,5.2,5.21,5.19,5.19,156100.0,811485.0
2024-01-09 10:14:00,5.19,5.2,5.19,5.2,37100.0,192612.0
2024-01-09 10:15:00,5.19,5.19,5.18,5.18,75500.0,391734.0
2024-01-09 10:16:00,5.18,5.19,5.18,5.18,13100.0,67874.0
2024-01-09 10:17:00,5.18,5.19,5.18,5.19,17800.0,92223.0
2024-01-09 10:18:00,5.18,5.18,5.17,5.17,88500.0,458018.0
2024-01-09 10:19:00,5.17,5.18,5.17,5.18,77200.0,399906.0
2024-01-09 10:20:00,5.18,5.19,5.17,5.17,50400.0,261089.0
2024-01-09 10:21:00,5.17,5.18,5.17,5.18,64200.0,332040.0
2024-01-09 10:22:00,5.18,5.18,5.17,5.17,30800.0,159296.0
2024-01-09 10:23:00,5.18,5.18,5.17,5.18,44900.0,232406.0
2024-01-09 10:24:00,5.18,5.18,5.17,5.17,44500.0,230331.0
2024-01-09 10:25:00,5.18,5.19,5.17,5.19,49000.0,253782.0
2024-01-09 10:26:00,5.19,5.19,5.17,5.18,49600.0,256946.0
2024-01-09 10:27:00,5.17,5.18,5.17,5.18,16900.0,87385.0
2024-01-09 10:28:00,5.18,5.18,5.16,5.17,114900.0,593909.0
2024-01-09 10:29:00,5.16,5.17,5.16,5.17,21000.0,108544.0
2024-01-09 10:30:00,5.18,5.18,5.17,5.18,20800.0,107563.0
2024-01-09 10:31:00,5.18,5.2,5.18,5.19,219200.0,1135850.0
2024-01-09 10:32:00,5.19,5.2,5.19,5.19,58200.0,302042.0
2024-01-09 10:33:00,5.19,5.21,5.19,5.21,108300.0,562978.0
2024-01-09 10:34:00,5.21,5.21,5.2,5.21,25800.0,134277.0
2024-01-09 10:35:00,5.2,5.21,5.2,5.2,16100.0,83753.0
2024-01-09 10:36:00,5.2,5.21,5.19,5.19,78600.0,408597.0
2024-01-09 10:37:00,5.19,5.2,5.19,5.19,21100.0,109526.0
2024-01-09 10:38:00,5.19,5.2,5.19,5.19,42300.0,219509.0
2024-01-09 10:39:00,5.19,5.19,5.18,5.18,21000.0,108987.0
2024-01-09 10:40:00,5.19,5.2,5.19,5.19,84200.0,436982.0
2024-01-09 10:41:00,5.2,5.2,5.19,5.19,3700.0,19230.0
2024-01-09 10:42:00,5.19,5.19,5.19,5.19,25200.0,130788.0
2024-01-09 10:43:00,5.19,5.2,5.19,5.2,13400.0,69548.0
2024-01-09 10:44:00,5.2,5.2,5.19,5.19,6900.0,35838.0
2024-01-09 10:45:00,5.19,5.2,5.19,5.19,17400.0,90317.0
2024-01-09 10:46:00,5.19,5.19,5.18,5.18,29100.0,151015.0
2024-01-09 10:47:00,5.19,5.19,5.18,5.18,3100.0,16076.0
2024-01-09 10:48:00,5.18,5.18,5.18,5.18,6800.0,35224.0
2024-01-09 10:49:00,5.18,5.18,5.17,5.17,70600.0,365712.0
2024-01-09 10:50:00,5.17,5.18,5.17,5.17,29300.0,151660.0
2024-01-09 10:51:00,5.17,5.17,5.17,5.17,6200.0,32054.0
2024-01-09 10:52:00,5.17,5.18,5.17,5.18,133100.0,688149.0
2024-01-09 10:53:00,5.17,5.18,5.16,5.17,60000.0,310213.0
2024-01-09 10:54:00,5.17,5.18,5.17,5.17,7600.0,39301.0
2024-01-09 10:55:00,5.18,5.18,5.17,5.17,14000.0,72454.0
2024-01-09 10:56:00,5.18,5.18,5.17,5.18,10300.0,53314.0
2024-01-09 10:57:00,5.19,5.19,5.18,5.19,102400.0,530596.0
2024-01-09 10:58:00,5.19,5.19,5.18,5.19,24400.0,126623.0
2024-01-09 10:59:00,5.19,5.19,5.18,5.18,11000.0,57004.0
2024-01-09 11:00:00,5.18,5.19,5.18,5.19,1700.0,8808.0
2024-01-09 11:01:00,5.19,5.19,5.17,5.17,36500.0,189055.0
2024-01-09 11:02:00,5.17,5.18,5.17,5.17,13400.0,69380.0
2024-01-09 11:03:00,5.17,5.18,5.17,5.17,3100.0,16028.0
2024-01-09 11:04:00,5.17,5.17,5.17,5.17,50000.0,258500.0
2024-01-09 11:05:00,5.17,5.17,5.17,5.17,14900.0,77033.0
2024-01-09 11:06:00,5.17,5.17,5.17,5.17,24600.0,127188.0
2024-01-09 11:07:00,5.18,5.19,5.18,5.19,102900.0,533042.0
2024-01-09 11:08:00,5.19,5.19,5.18,5.18,29200.0,151286.0
2024-01-09 11:09:00,5.18,5.18,5.18,5.18,3200.0,16574.0
2024-01-09 11:10:00,5.18,5.19,5.17,5.18,36300.0,188033.0
2024-01-09 11:11:00,5.19,5.19,5.18,5.18,2400.0,12437.0
2024-01-09 11:12:00,5.18,5.19,5.18,5.19,53800.0,279213.0
2024-01-09 11:13:00,5.18,5.19,5.18,5.19,4200.0,21762.0
2024-01-09 11:14:00,5.18,5.18,5.18,5.18,26300.0,136234.0
2024-01-09 11:15:00,5.18,5.18,5.18,5.18,4200.0,21756.0
2024-01-09 11:16:00,5.18,5.19,5.18,5.18,10600.0,54938.0
2024-01-09 11:17:00,5.19,5.19,5.19,5.19,33600.0,174384.0
2024-01-09 11:18:00,5.2,5.2,5.19,5.2,5700.0,29607.0
2024-01-09 11:19:00,5.2,5.2,5.19,5.19,8700.0,45187.0
2024-01-09 11:20:00,5.19,5.2,5.19,5.19,6700.0,34777.0
2024-01-09 11:21:00,5.19,5.19,5.19,5.19,3400.0,17646.0
2024-01-09 11:22:00,5.2,5.2,5.19,5.19,9300.0,48340.0
2024-01-09 11:23:00,5.19,5.19,5.19,5.19,7200.0,37378.0
2024-01-09 11:24:00,5.19,5.19,5.19,5.19,66900.0,347211.0
2024-01-09 11:25:00,5.19,5.2,5.19,5.19,17700.0,91864.0
2024-01-09 11:26:00,5.19,5.19,5.18,5.19,19500.0,101203.0
2024-01-09 11:27:00,5.19,5.19,5.18,5.18,15300.0,79265.0
2024-01-09 11:28:00,5.18,5.19,5.18,5.18,3500.0,18132.0
2024-01-09 11:29:00,5.18,5.19,5.18,5.19,18100.0,93794.0
2024-01-09 11:30:00,5.19,5.19,5.18,5.19,16800.0,87057.0
2024-01-09 13:01:00,5.19,5.19,5.18,5.19,60400.0,313342.0
2024-01-09 13:02:00,5.19,5.19,5.18,5.18,16100.0,83435.0
2024-01-09 13:03:00,5.18,5.19,5.18,5.18,5600.0,29027.0
2024-01-09 13:04:00,5.19,5.19,5.18,5.18,52600.0,272498.0
2024-01-09 13:05:00,5.18,5.18,5.18,5.18,8600.0,44548.0
2024-01-09 13:06:00,5.19,5.2,5.19,5.19,47800.0,248113.0
2024-01-09 13:07:00,5.19,5.2,5.18,5.19,43600.0,226282.0
2024-01-09 13:08:00,5.19,5.19,5.19,5.19,13600.0,70584.0
2024-01-09 13:09:00,5.19,5.19,5.18,5.18,35800.0,185446.0
2024-01-09 13:10:00,5.18,5.18,5.18,5.18,8800.0,45584.0
2024-01-09 13:11:00,5.18,5.18,5.17,5.18,2800.0,14483.0
2024-01-09 13:12:00,5.17,5.18,5.17,5.17,11500.0,59467.0
2024-01-09 13:13:00,5.17,5.18,5.17,5.17,78400.0,405341.0
2024-01-09 13:14:00,5.17,5.17,5.16,5.17,13200.0,68240.0
2024-01-09 13:15:00,5.17,5.17,5.16,5.16,23300.0,120360.0
2024-01-09 13:16:00,5.16,5.17,5.16,5.17,12800.0,66148.0
2024-01-09 13:17:00,5.16,5.17,5.16,5.16,12700.0,65619.0
2024-01-09 13:18:00,5.16,5.17,5.16,5.17,28600.0,147666.0
2024-01-09 13:19:00,5.17,5.17,5.16,5.17,3900.0,20157.0
2024-01-09 13:20:00,5.16,5.16,5.15,5.16,160500.0,827868.0
2024-01-09 13:21:00,5.15,5.16,5.15,5.16,3200.0,16490.0
2024-01-09 13:22:00,5.15,5.16,5.15,5.16,6900.0,35552.0
2024-01-09 13:23:00,5.15,5.15,5.15,5.15,70300.0,362049.0
2024-01-09 13:24:00,5.15,5.15,5.14,5.14,96400.0,495718.0
2024-01-09 13:25:00,5.14,5.15,5.14,5.15,5500.0,28277.0
2024-01-09 13:26:00,5.15,5.15,5.14,5.15,31400.0,161530.0
2024-01-09 13:27:00,5.15,5.15,5.14,5.15,38500.0,198207.0
2024-01-09 13:28:00,5.15,5.15,5.14,5.14,7500.0,38571.0
2024-01-09 13:29:00,5.14,5.15,5.14,5.15,10100.0,51962.0
2024-01-09 13:30:00,5.15,5.15,5.14,5.15,8800.0,45289.0
2024-01-09 13:31:00,5.15,5.15,5.14,5.15,16400.0,84339.0
2024-01-09 13:32:00,5.15,5.15,5.14,5.15,8800.0,45298.0
2024-01-09 13:33:00,5.15,5.15,5.14,5.14,19300.0,99370.0
2024-01-09 13:34:00,5.14,5.15,5.14,5.14,7100.0,36523.0
2024-01-09 13:35:00,5.14,5.15,5.14,5.14,18500.0,95225.0
2024-01-09 13:36:00,5.14,5.15,5.14,5.14,40900.0,210493.0
2024-01-09 13:37:00,5.14,5.15,5.14,5.15,16300.0,83900.0
2024-01-09 13:38:00,5.14,5.15,5.14,5.15,9800.0,50448.0
2024-01-09 13:39:00,5.14,5.15,5.14,5.15,2500.0,12866.0
2024-01-09 13:40:00,5.15,5.15,5.14,5.14,2100.0,10801.0
2024-01-09 13:41:00,5.14,5.15,5.14,5.15,1000.0,5142.0
2024-01-09 13:42:00,5.14,5.15,5.14,5.15,12800.0,65839.0
2024-01-09 13:43:00,5.14,5.15,5.14,5.14,20200.0,103866.0
2024-01-09 13:44:00,5.14,5.15,5.1,5.14,501200.0,2568349.0
2024-01-09 13:45:00,5.14,5.14,5.12,5.14,118000.0,604666.0
2024-01-09 13:46:00,5.13,5.14,5.13,5.14,1400.0,7185.0
2024-01-09 13:47:00,5.13,5.15,5.13,5.15,42300.0,217212.0
2024-01-09 13:48:00,5.15,5.15,5.14,5.14,29700.0,152663.0
2024-01-09 13:49:00,5.14,5.14,5.14,5.14,7800.0,40092.0
2024-01-09 13:50:00,5.13,5.13,5.13,5.13,900.0,4617.0
2024-01-09 13:51:00,5.13,5.13,5.13,5.13,40200.0,206226.0
2024-01-09 13:52:00,5.13,5.13,5.13,5.13,1600.0,8208.0
2024-01-09 13:53:00,5.13,5.14,5.13,5.14,8300.0,42586.0
2024-01-09 13:54:00,5.14,5.14,5.13,5.13,8300.0,42590.0
2024-01-09 13:55:00,5.14,5.14,5.13,5.14,31300.0,160806.0
2024-01-09 13:56:00,5.14,5.14,5.13,5.14,13000.0,66814.0
2024-01-09 13:57:00,5.14,5.14,5.13,5.14,16600.0,85319.0
2024-01-09 13:58:00,5.14,5.14,5.13,5.13,18500.0,94947.0
2024-01-09 13:59:00,5.13,5.14,5.12,5.13,46300.0,237523.0
2024-01-09 14:00:00,5.13,5.13,5.12,5.13,19900.0,102069.0
2024-01-09 14:01:00,5.12,5.14,5.12,5.13,25500.0,130795.0
2024-01-09 14:02:00,5.14,5.14,5.13,5.13,15100.0,77547.0
2024-01-09 14:03:00,5.14,5.14,5.13,5.13,13800.0,70795.0
2024-01-09 14:04:00,5.13,5.14,5.13,5.13,8600.0,44122.0
2024-01-09 14:05:00,5.13,5.13,5.12,5.12,32700.0,167705.0
2024-01-09 14:06:00,5.12,5.13,5.12,5.13,67100.0,343770.0
2024-01-09 14:07:00,5.13,5.13,5.12,5.12,17600.0,90244.0
2024-01-09 14:08:00,5.12,5.13,5.12,5.13,46200.0,236717.0
2024-01-09 14:09:00,5.13,5.13,5.13,5.13,2000.0,10260.0
2024-01-09 14:10:00,5.13,5.15,5.13,5.15,92400.0,475099.0
2024-01-09 14:11:00,5.14,5.16,5.14,5.16,141600.0,729608.0
2024-01-09 14:12:00,5.15,5.15,5.14,5.15,72200.0,371855.0
2024-01-09 14:13:00,5.15,5.15,5.14,5.15,22800.0,117400.0
2024-01-09 14:14:00,5.15,5.15,5.14,5.14,83500.0,429217.0
2024-01-09 14:15:00,5.14,5.14,5.13,5.14,14900.0,76583.0
2024-01-09 14:16:00,5.14,5.14,5.14,5.14,16700.0,85837.0
2024-01-09 14:17:00,5.14,5.14,5.14,5.14,4400.0,22616.0
2024-01-09 14:18:00,5.14,5.15,5.14,5.14,500.0,2572.0
2024-01-09 14:19:00,5.15,5.16,5.15,5.15,49300.0,253942.0
2024-01-09 14:20:00,5.15,5.16,5.14,5.15,23100.0,118969.0
2024-01-09 14:21:00,5.15,5.16,5.15,5.15,5200.0,26788.0
2024-01-09 14:22:00,5.15,5.16,5.15,5.16,5400.0,27815.0
2024-01-09 14:23:00,5.15,5.17,5.15,5.17,368100.0,1899835.0
2024-01-09 14:24:00,5.17,5.17,5.16,5.17,8900.0,46008.0
2024-01-09 14:25:00,5.17,5.17,5.16,5.17,10400.0,53759.0
2024-01-09 14:26:00,5.16,5.17,5.16,5.16,15000.0,77441.0
2024-01-09 14:27:00,5.17,5.17,5.16,5.17,6300.0,32561.0
2024-01-09 14:28:00,5.16,5.17,5.16,5.17,57900.0,298840.0
2024-01-09 14:29:00,5.16,5.17,5.16,5.17,44700.0,231087.0
2024-01-09 14:30:00,5.16,5.18,5.16,5.18,63600.0,328893.0
2024-01-09 14:31:00,5.17,5.18,5.17,5.18,43600.0,225442.0
2024-01-09 14:32:00,5.18,5.18,5.18,5.18,4500.0,23302.0
2024-01-09 14:33:00,5.18,5.18,5.17,5.17,34000.0,176092.0
2024-01-09 14:34:00,5.18,5.19,5.18,5.18,126100.0,653511.0
2024-01-09 14:35:00,5.19,5.19,5.18,5.19,147000.0,762431.0
2024-01-09 14:36:00,5.19,5.19,5.18,5.19,21400.0,110982.0
2024-01-09 14:37:00,5.19,5.19,5.18,5.19,37800.0,196172.0
2024-01-09 14:38:00,5.19,5.19,5.18,5.18,17300.0,89699.0
2024-01-09 14:39:00,5.19,5.19,5.18,5.19,74000.0,383346.0
2024-01-09 14:40:00,5.19,5.19,5.18,5.18,11400.0,59066.0
2024-01-09 14:41:00,5.19,5.19,5.18,5.18,72000.0,372988.0
2024-01-09 14:42:00,5.19,5.19,5.18,5.18,56000.0,290291.0
2024-01-09 14:43:00,5.19,5.19,5.18,5.19,4900.0,25407.0
2024-01-09 14:44:00,5.19,5.19,5.18,5.18,61500.0,319144.0
2024-01-09 14:45:00,5.19,5.2,5.19,5.19,81300.0,422021.0
2024-01-09 14:46:00,5.2,5.2,5.18,5.19,70600.0,366597.0
2024-01-09 14:47:00,5.19,5.19,5.19,5.19,9200.0,47729.0
2024-01-09 14:48:00,5.19,5.19,5.18,5.19,31200.0,161926.0
2024-01-09 14:49:00,5.18,5.19,5.18,5.19,26400.0,136998.0
2024-01-09 14:50:00,5.19,5.19,5.18,5.19,31400.0,162691.0
2024-01-09 14:51:00,5.18,5.19,5.18,5.19,28200.0,146192.0
2024-01-09 14:52:00,5.18,5.19,5.17,5.18,139400.0,722203.0
2024-01-09 14:53:00,5.18,5.18,5.17,5.18,35400.0,183321.0
2024-01-09 14:54:00,5.18,5.19,5.18,5.18,67600.0,350360.0
2024-01-09 14:55:00,5.17,5.18,5.17,5.18,49800.0,257705.375
2024-01-09 14:56:00,5.18,5.19,5.18,5.18,118500.0,614561.0
2024-01-09 14:57:00,5.18,5.19,5.18,5.19,62400.0,323422.0
2024-01-09 14:58:00,5.19,5.19,5.19,5.19,0.0,0.0
2024-01-09 14:59:00,5.19,5.19,5.19,5.19,0.0,0.0
2024-01-09 15:00:00,5.19,5.19,5.19,5.19,202000.0,1048380.0
2024-01-10 09:31:00,5.17,5.18,5.15,5.16,197300.0,1017737.0
2024-01-10 09:32:00,5.17,5.17,5.13,5.14,150400.0,773522.0
2024-01-10 09:33:00,5.14,5.17,5.14,5.16,46500.0,239751.0
2024-01-10 09:34:00,5.15,5.15,5.13,5.14,67800.0,348611.0
2024-01-10 09:35:00,5.14,5.15,5.13,5.15,30700.0,157809.0
2024-01-10 09:36:00,5.15,5.15,5.13,5.13,142500.0,732613.0
2024-01-10 09:37:00,5.13,5.13,5.13,5.13,34100.0,174934.0
2024-01-10 09:38:00,5.13,5.14,5.13,5.13,40700.0,208796.0
2024-01-10 09:39:00,5.13,5.14,5.13,5.13,96100.0,492999.0
2024-01-10 09:40:00,5.13,5.14,5.12,5.13,135700.0,696150.0
2024-01-10 09:41:00,5.13,5.14,5.12,5.13,84700.0,434508.0
2024-01-10 09:42:00,5.13,5.14,5.12,5.13,72800.0,373509.0
2024-01-10 09:43:00,5.13,5.13,5.1,5.1,156400.0,799882.0
2024-01-10 09:44:00,5.1,5.11,5.1,5.1,77800.0,396790.0
2024-01-10 09:45:00,5.1,5.12,5.1,5.12,34700.0,177273.0
2024-01-10 09:46:00,5.11,5.12,5.11,5.12,32700.0,167190.0
2024-01-10 09:47:00,5.12,5.12,5.11,5.11,47800.0,244491.0
2024-01-10 09:48:00,5.12,5.13,5.11,5.13,95500.0,489517.0
2024-01-10 09:49:00,5.13,5.14,5.12,5.12,98600.0,506358.0
2024-01-10 09:50:00,5.13,5.14,5.12,5.13,55100.0,282710.0
2024-01-10 09:51:00,5.14,5.14,5.13,5.13,56800.0,291457.0
2024-01-10 09:52:00,5.13,5.13,5.11,5.13,114400.0,585780.0
2024-01-10 09:53:00,5.12,5.12,5.11,5.11,64300.0,329200.0
2024-01-10 09:54:00,5.11,5.13,5.11,5.12,16000.0,81872.0
2024-01-10 09:55:00,5.11,5.12,5.11,5.11,39700.0,203007.0
2024-01-10 09:56:00,5.11,5.12,5.11,5.12,50400.0,258014.0
2024-01-10 09:57:00,5.12,5.12,5.11,5.12,6100.0,31231.0
2024-01-10 09:58:00,5.13,5.13,5.12,5.13,17700.0,90777.0
2024-01-10 09:59:00,5.13,5.14,5.13,5.13,48900.0,250861.0
2024-01-10 10:00:00,5.13,5.13,5.12,5.12,41100.0,210468.0
2024-01-10 10:01:00,5.12,5.13,5.12,5.12,152300.0,779898.0
2024-01-10 10:02:00,5.13,5.14,5.13,5.14,40000.0,205354.0
2024-01-10 10:03:00,5.14,5.14,5.13,5.14,46200.0,237465.0
2024-01-10 10:04:00,5.14,5.14,5.13,5.13,33600.0,172645.0
2024-01-10 10:05:00,5.13,5.13,5.12,5.12,71900.0,368877.0
2024-01-10 10:06:00,5.12,5.13,5.12,5.12,54800.0,281121.0
2024-01-10 10:07:00,5.13,5.14,5.13,5.14,61900.0,318135.0
2024-01-10 10:08:00,5.15,5.15,5.15,5.15,3800.0,19569.0
2024-01-10 10:09:00,5.14,5.15,5.14,5.14,5300.0,27289.0
2024-01-10 10:10:00,5.15,5.15,5.14,5.14,8300.0,42730.0
2024-01-10 10:11:00,5.15,5.16,5.14,5.16,35500.0,182803.0
2024-01-10 10:12:00,5.15,5.15,5.14,5.15,39300.0,202315.0
2024-01-10 10:13:00,5.14,5.15,5.14,5.15,10900.0,56114.0
2024-01-10 10:14:00,5.15,5.16,5.15,5.16,17200.0,88599.0
2024-01-10 10:15:00,5.15,5.16,5.15,5.16,9300.0,47959.0
2024-01-10 10:16:00,5.16,5.17,5.16,5.17,68500.0,353477.0
2024-01-10 10:17:00,5.17,5.18,5.16,5.18,294600.0,1524478.0
2024-01-10 10:18:00,5.18,5.19,5.17,5.18,177600.0,919460.0
2024-01-10 10:19:00,5.17,5.18,5.17,5.17,21500.0,111207.0
2024-01-10 10:20:00,5.16,5.17,5.16,5.17,16700.0,86331.0
2024-01-10 10:21:00,5.17,5.18,5.16,5.16,10400.0,53776.0
2024-01-10 10:22:00,5.17,5.17,5.15,5.16,70500.0,363781.0
2024-01-10 10:23:00,5.15,5.17,5.15,5.16,37600.0,194038.0
2024-01-10 10:24:00,5.16,5.17,5.16,5.17,600.0,3097.0
2024-01-10 10:25:00,5.16,5.16,5.15,5.16,13400.0,69131.0
2024-01-10 10:26:00,5.15,5.17,5.15,5.17,26300.0,135705.0
2024-01-10 10:27:00,5.16,5.17,5.16,5.17,8500.0,43924.0
2024-01-10 10:28:00,5.17,5.17,5.16,5.16,90300.0,466667.0
2024-01-10 10:29:00,5.17,5.17,5.16,5.17,3200.0,16543.0
2024-01-10 10:30:00,5.17,5.17,5.15,5.15,24300.0,125400.0
2024-01-10 10:31:00,5.15,5.17,5.15,5.16,49900.0,257807.0
2024-01-10 10:32:00,5.17,5.18,5.17,5.17,15600.0,80655.0
2024-01-10 10:33:00,5.18,5.19,5.18,5.19,45100.0,233622.0
2024-01-10 10:34:00,5.19,5.19,5.18,5.19,6900.0,35806.0
2024-01-10 10:35:00,5.19,5.19,5.17,5.18,23900.0,123808.0
2024-01-10 10:36:00,5.18,5.18,5.17,5.18,13900.0,71884.0
2024-01-10 10:37:00,5.18,5.18,5.17,5.18,1100.0,5697.0
2024-01-10 10:38:00,5.18,5.18,5.17,5.18,9200.0,47598.0
2024-01-10 10:39:00,5.17,5.18,5.17,5.18,49500.0,256408.0
2024-01-10 10:40:00,5.18,5.19,5.17,5.18,22600.0,117054.0
2024-01-10 10:41:00,5.18,5.18,5.17,5.18,2000.0,10358.0
2024-01-10 10:42:00,5.18,5.18,5.17,5.18,3800.0,19678.0
2024-01-10 10:43:00,5.18,5.18,5.17,5.18,7800.0,40402.0
2024-01-10 10:44:00,5.18,5.18,5.17,5.18,82900.0,429427.0
2024-01-10 10:45:00,5.18,5.18,5.17,5.17,15900.0,82364.0
2024-01-10 10:46:00,5.17,5.18,5.17,5.18,13700.0,70874.0
2024-01-10 10:47:00,5.18,5.19,5.18,5.19,76000.0,393831.0
2024-01-10 10:48:00,5.19,5.19,5.18,5.19,39300.0,203957.0
2024-01-10 10:49:00,5.18,5.19,5.17,5.18,51100.0,264680.0
2024-01-10 10:50:00,5.17,5.19,5.17,5.19,20200.0,104628.0
2024-01-10 10:51:00,5.19,5.19,5.17,5.18,22200.0,115004.0
2024-01-10 10:52:00,5.17,5.18,5.17,5.18,12600.0,65152.0
2024-01-10 10:53:00,5.18,5.18,5.17,5.18,3500.0,18116.0
2024-01-10 10:54:00,5.18,5.18,5.17,5.18,9500.0,49176.0
2024-01-10 10:55:00,5.17,5.18,5.17,5.18,18400.0,95149.0
2024-01-10 10:56:00,5.17,5.18,5.17,5.18,6300.0,32593.0
2024-01-10 10:57:00,5.18,5.18,5.17,5.17,8500.0,43952.0
2024-01-10 10:58:00,5.17,5.18,5.17,5.18,7200.0,37236.0
2024-01-10 10:59:00,5.18,5.18,5.16,5.16,52100.0,269322.0
2024-01-10 11:00:00,5.16,5.17,5.16,5.16,4900.0,25305.0
2024-01-10 11:01:00,5.17,5.17,5.16,5.16,6300.0,32522.0
2024-01-10 11:02:00,5.16,5.16,5.16,5.16,28400.0,146544.0
2024-01-10 11:03:00,5.18,5.18,5.17,5.17,31700.0,164002.0
2024-01-10 11:04:00,5.17,5.18,5.17,5.18,4700.0,24317.0
2024-01-10 11:05:00,5.17,5.17,5.17,5.17,3200.0,16544.0
2024-01-10 11:06:00,5.17,5.17,5.17,5.17,4200.0,21714.0
2024-01-10 11:07:00,5.17,5.18,5.16,5.17,18800.0,97207.0
2024-01-10 11:08:00,5.17,5.17,5.16,5.17,53700.0,277626.0
2024-01-10 11:09:00,5.17,5.18,5.16,5.17,46100.0,238343.0
2024-01-10 11:10:00,5.17,5.18,5.16,5.17,12000.0,62043.0
2024-01-10 11:11:00,5.17,5.17,5.17,5.17,2200.0,11374.0
2024-01-10 11:12:00,5.17,5.17,5.17,5.17,9800.0,50666.0
2024-01-10 11:13:00,5.17,5.18,5.17,5.18,22300.0,115306.0
2024-01-10 11:14:00,5.17,5.18,5.17,5.17,44000.0,227488.0
2024-01-10 11:15:00,5.17,5.18,5.17,5.17,5300.0,27408.0
2024-01-10 11:16:00,5.17,5.17,5.17,5.17,3400.0,17587.0
2024-01-10 11:17:00,5.17,5.18,5.17,5.17,4100.0,21204.0
2024-01-10 11:18:00,5.17,5.17,5.17,5.17,9100.0,47047.0
2024-01-10 11:19:00,5.17,5.18,5.17,5.18,12700.0,65680.0
2024-01-10 11:20:00,5.18,5.18,5.17,5.17,10700.0,55324.0
2024-01-10 11:21:00,5.17,5.17,5.16,5.17,7900.0,40839.0
2024-01-10 11:22:00,5.17,5.17,5.17,5.17,25800.0,133386.0
2024-01-10 11:23:00,5.17,5.17,5.16,5.16,30700.0,158581.0
2024-01-10 11:24:00,5.16,5.16,5.15,5.15,50000.0,257888.0
2024-01-10 11:25:00,5.15,5.15,5.15,5.15,3800.0,19570.0
2024-01-10 11:26:00,5.15,5.15,5.15,5.15,57800.0,297670.0
2024-01-10 11:27:00,5.15,5.15,5.15,5.15,7800.0,40170.0
2024-01-10 11:28:00,5.15,5.16,5.15,5.16,1100.0,5670.0
2024-01-10 11:29:00,5.15,5.15,5.15,5.15,24700.0,127205.0
2024-01-10 11:30:00,5.14,5.15,5.14,5.14,6600.0,33940.0
2024-01-10 13:01:00,5.14,5.17,5.14,5.17,118500.0,610590.0
2024-01-10 13:02:00,5.17,5.17,5.15,5.15,41700.0,215174.0
2024-01-10 13:03:00,5.15,5.15,5.14,5.15,39900.0,205474.0
2024-01-10 13:04:00,5.15,5.16,5.14,5.15,18200.0,93728.0
2024-01-10 13:05:00,5.16,5.16,5.16,5.16,4000.0,20639.0
2024-01-10 13:06:00,5.16,5.17,5.16,5.17,23300.0,120240.0
2024-01-10 13:07:00,5.16,5.16,5.16,5.16,27500.0,141900.0
2024-01-10 13:08:00,5.15,5.16,5.15,5.16,1500.0,7735.0
2024-01-10 13:09:00,5.15,5.15,5.14,5.15,58600.0,301786.0
2024-01-10 13:10:00,5.14,5.16,5.14,5.16,22900.0,117914.0
2024-01-10 13:11:00,5.16,5.16,5.15,5.16,12600.0,65014.0
2024-01-10 13:12:00,5.16,5.16,5.15,5.15,3300.0,17013.0
2024-01-10 13:13:00,5.15,5.16,5.15,5.16,1300.0,6703.0
2024-01-10 13:14:00,5.16,5.16,5.16,5.16,4600.0,23736.0
2024-01-10 13:15:00,5.15,5.16,5.15,5.16,10100.0,52109.0
2024-01-10 13:16:00,5.16,5.16,5.16,5.16,17000.0,87720.0
2024-01-10 13:17:00,5.16,5.16,5.16,5.16,21100.0,108876.0
2024-01-10 13:18:00,5.16,5.16,5.15,5.16,5900.0,30443.0
2024-01-10 13:19:00,5.16,5.16,5.16,5.16,2000.0,10320.0
2024-01-10 13:20:00,5.16,5.16,5.15,5.15,6000.0,30947.0
2024-01-10 13:21:00,5.15,5.15,5.15,5.15,0.0,0.0
2024-01-10 13:22:00,5.15,5.16,5.15,5.15,3500.0,18056.0
2024-01-10 13:23:00,5.16,5.16,5.15,5.15,4000.0,20638.0
2024-01-10 13:24:00,5.15,5.16,5.14,5.15,151900.0,782300.0
2024-01-10 13:25:00,5.14,5.15,5.14,5.15,7300.0,37591.0
2024-01-10 13:26:00,5.15,5.15,5.15,5.15,100.0,515.0
2024-01-10 13:27:00,5.15,5.15,5.14,5.15,1300.0,6693.0
2024-01-10 13:28:00,5.15,5.15,5.15,5.15,5000.0,25750.0
2024-01-10 13:29:00,5.14,5.15,5.14,5.15,1700.0,8742.0
2024-01-10 13:30:00,5.14,5.15,5.14,5.14,13400.0,68883.0
2024-01-10 13:31:00,5.15,5.15,5.14,5.15,7100.0,36552.0
2024-01-10 13:32:00,5.15,5.15,5.14,5.15,8600.0,44240.0
2024-01-10 13:33:00,5.15,5.15,5.15,5.15,400.0,2060.0
2024-01-10 13:34:00,5.14,5.15,5.14,5.14,128700.0,661521.0
2024-01-10 13:35:00,5.14,5.15,5.14,5.15,14100.0,72475.0
2024-01-10 13:36:00,5.15,5.15,5.15,5.15,0.0,0.0
2024-01-10 13:37:00,5.15,5.15,5.15,5.15,28000.0,144200.0
2024-01-10 13:38:00,5.16,5.16,5.15,5.15,1300.0,6698.0
2024-01-10 13:39:00,5.15,5.15,5.14,5.14,36000.0,185399.0
2024-01-10 13:40:00,5.14,5.15,5.14,5.14,2500.0,12851.0
2024-01-10 13:41:00,5.14,5.15,5.14,5.15,3900.0,20048.0
2024-01-10 13:42:00,5.15,5.15,5.15,5.15,4000.0,20600.0
2024-01-10 13:43:00,5.15,5.15,5.15,5.15,3600.0,18540.0
2024-01-10 13:44:00,5.15,5.15,5.14,5.15,2900.0,14920.0
2024-01-10 13:45:00,5.15,5.15,5.15,5.15,700.0,3605.0
2024-01-10 13:46:00,5.15,5.15,5.15,5.15,45300.0,233283.0
2024-01-10 13:47:00,5.15,5.15,5.14,5.15,11200.0,57678.0
2024-01-10 13:48:00,5.15,5.16,5.15,5.16,1500.0,7737.0
2024-01-10 13:49:00,5.15,5.15,5.15,5.15,200.0,1030.0
2024-01-10 13:50:00,5.15,5.16,5.15,5.16,22300.0,114945.0
2024-01-10 13:51:00,5.16,5.16,5.15,5.15,2200.0,11351.0
2024-01-10 13:52:00,5.15,5.15,5.14,5.14,92000.0,473807.0
2024-01-10 13:53:00,5.14,5.15,5.14,5.15,17900.0,92165.0
2024-01-10 13:54:00,5.14,5.14,5.14,5.14,2800.0,14392.0
2024-01-10 13:55:00,5.14,5.16,5.14,5.16,5100.0,26265.0
2024-01-10 13:56:00,5.16,5.16,5.16,5.16,500.0,2580.0
2024-01-10 13:57:00,5.16,5.17,5.15,5.17,49600.0,255952.0
2024-01-10 13:58:00,5.16,5.16,5.16,5.16,13900.0,71724.0
2024-01-10 13:59:00,5.16,5.17,5.16,5.17,12700.0,65616.0
2024-01-10 14:00:00,5.17,5.17,5.16,5.17,10100.0,52136.0
2024-01-10 14:01:00,5.16,5.17,5.16,5.17,34800.0,179587.0
2024-01-10 14:02:00,5.16,5.16,5.16,5.16,49600.0,255936.0
2024-01-10 14:03:00,5.15,5.16,5.15,5.15,33500.0,172556.0
2024-01-10 14:04:00,5.15,5.15,5.14,5.15,20200.0,104028.0
2024-01-10 14:05:00,5.14,5.15,5.14,5.14,28400.0,145982.0
2024-01-10 14:06:00,5.14,5.15,5.14,5.15,18600.0,95611.0
2024-01-10 14:07:00,5.14,5.15,5.14,5.14,2900.0,14907.0
2024-01-10 14:08:00,5.15,5.15,5.14,5.15,56400.0,290206.0
2024-01-10 14:09:00,5.16,5.16,5.15,5.16,28800.0,148566.0
2024-01-10 14:10:00,5.15,5.17,5.15,5.17,113900.0,588073.0
2024-01-10 14:11:00,5.17,5.17,5.16,5.16,7800.0,40285.0
2024-01-10 14:12:00,5.17,5.17,5.16,5.17,19400.0,100172.0
2024-01-10 14:13:00,5.17,5.17,5.16,5.16,59000.0,304564.0
2024-01-10 14:14:00,5.16,5.16,5.15,5.15,35300.0,181799.0
2024-01-10 14:15:00,5.15,5.16,5.14,5.14,12100.0,62334.0
2024-01-10 14:16:00,5.16,5.16,5.14,5.14,5900.0,30383.0
2024-01-10 14:17:00,5.14,5.15,5.14,5.15,11500.0,59125.0
2024-01-10 14:18:00,5.14,5.14,5.14,5.14,200.0,1028.0
2024-01-10 14:19:00,5.15,5.15,5.14,5.14,24300.0,125125.0
2024-01-10 14:20:00,5.14,5.15,5.14,5.15,2600.0,13373.0
2024-01-10 14:21:00,5.15,5.15,5.14,5.14,2700.0,13894.0
2024-01-10 14:22:00,5.14,5.15,5.14,5.14,100200.0,515034.0
2024-01-10 14:23:00,5.14,5.14,5.14,5.14,4000.0,20560.0
2024-01-10 14:24:00,5.14,5.15,5.14,5.14,34000.0,174796.0
2024-01-10 14:25:00,5.15,5.15,5.14,5.14,1300.0,6684.0
2024-01-10 14:26:00,5.14,5.14,5.14,5.14,2200.0,11308.0
2024-01-10 14:27:00,5.14,5.14,5.14,5.14,4000.0,20560.0
2024-01-10 14:28:00,5.14,5.14,5.14,5.14,35700.0,183498.0
2024-01-10 14:29:00,5.13,5.13,5.13,5.13,200.0,1026.0
2024-01-10 14:30:00,5.13,5.14,5.13,5.14,16100.0,82607.0
2024-01-10 14:31:00,5.13,5.14,5.13,5.14,5200.0,26717.0
2024-01-10 14:32:00,5.14,5.14,5.13,5.14,2800.0,14388.0
2024-01-10 14:33:00,5.14,5.14,5.13,5.14,14500.0,74526.0
2024-01-10 14:34:00,5.14,5.14,5.13,5.13,12100.0,62146.0
2024-01-10 14:35:00,5.13,5.14,5.13,5.13,12400.0,63626.0
2024-01-10 14:36:00,5.14,5.14,5.13,5.14,21100.0,108303.0
2024-01-10 14:37:00,5.13,5.14,5.13,5.13,14100.0,72403.0
2024-01-10 14:38:00,5.14,5.14,5.13,5.13,8900.0,45665.0
2024-01-10 14:39:00,5.13,5.14,5.13,5.13,18900.0,96971.0
2024-01-10 14:40:00,5.13,5.14,5.13,5.14,27500.0,141269.0
2024-01-10 14:41:00,5.14,5.14,5.13,5.14,9800.0,50351.0
2024-01-10 14:42:00,5.13,5.14,5.13,5.14,78000.0,400869.0
2024-01-10 14:43:00,5.14,5.15,5.13,5.14,103500.0,531993.0
2024-01-10 14:44:00,5.13,5.14,5.13,5.13,6400.0,32857.0
2024-01-10 14:45:00,5.13,5.14,5.13,5.13,15900.0,81627.0
2024-01-10 14:46:00,5.13,5.14,5.13,5.13,5300.0,27196.0
2024-01-10 14:47:00,5.13,5.14,5.13,5.14,6300.0,32360.0
2024-01-10 14:48:00,5.14,5.14,5.13,5.14,20200.0,103804.0
2024-01-10 14:49:00,5.14,5.14,5.13,5.14,73700.0,378150.0
2024-01-10 14:50:00,5.13,5.14,5.13,5.13,22900.0,117579.0
2024-01-10 14:51:00,5.14,5.14,5.13,5.14,41700.0,213992.0
2024-01-10 14:52:00,5.14,5.14,5.13,5.14,112500.0,577352.0
2024-01-10 14:53:00,5.13,5.14,5.13,5.14,171400.0,880863.0
2024-01-10 14:54:00,5.14,5.15,5.14,5.14,222000.0,1141414.0
2024-01-10 14:55:00,5.14,5.15,5.13,5.14,27900.0,143503.0
2024-01-10 14:56:00,5.13,5.15,5.13,5.14,21600.0,110977.0
2024-01-10 14:57:00,5.13,5.15,5.13,5.14,36100.0,185439.125
2024-01-10 14:58:00,5.14,5.14,5.14,5.14,0.0,0.0
2024-01-10 14:59:00,5.14,5.14,5.14,5.14,0.0,0.0
2024-01-10 15:00:00,5.13,5.13,5.13,5.13,54400.0,279072.0
2024-01-11 09:31:00,5.11,5.15,5.09,5.1,178800.0,913829.0
2024-01-11 09:32:00,5.1,5.12,5.1,5.11,121400.0,619658.0
2024-01-11 09:33:00,5.11,5.13,5.11,5.12,170900.0,874796.0
2024-01-11 09:34:00,5.12,5.13,5.11,5.13,42400.0,217109.0
2024-01-11 09:35:00,5.12,5.13,5.11,5.11,60900.0,311839.0
2024-01-11 09:36:00,5.11,5.13,5.11,5.12,68600.0,351191.0
2024-01-11 09:37:00,5.12,5.14,5.12,5.13,72900.0,374307.0
2024-01-11 09:38:00,5.14,5.14,5.13,5.14,42600.0,218733.0
2024-01-11 09:39:00,5.14,5.14,5.13,5.14,62700.0,322266.0
2024-01-11 09:40:00,5.15,5.16,5.15,5.16,100900.0,520051.0
2024-01-11 09:41:00,5.16,5.18,5.15,5.18,77900.0,402415.0
2024-01-11 09:42:00,5.18,5.19,5.17,5.19,296700.0,1538341.0
2024-01-11 09:43:00,5.19,5.19,5.17,5.18,102500.0,530950.0
2024-01-11 09:44:00,5.18,5.18,5.16,5.16,188700.0,976894.0
2024-01-11 09:45:00,5.16,5.17,5.16,5.16,87800.0,453053.0
2024-01-11 09:46:00,5.15,5.16,5.15,5.15,25300.0,130402.0
2024-01-11 09:47:00,5.16,5.16,5.13,5.15,241300.0,1241712.0
2024-01-11 09:48:00,5.15,5.15,5.14,5.14,22400.0,115193.0
2024-01-11 09:49:00,5.14,5.15,5.14,5.14,14900.0,76587.0
2024-01-11 09:50:00,5.14,5.15,5.13,5.13,30900.0,158798.0
2024-01-11 09:51:00,5.14,5.15,5.14,5.14,31600.0,162453.0
2024-01-11 09:52:00,5.14,5.16,5.14,5.15,93300.0,480534.0
2024-01-11 09:53:00,5.15,5.16,5.14,5.14,13500.0,69486.0
2024-01-11 09:54:00,5.14,5.15,5.14,5.14,40600.0,208866.0
2024-01-11 09:55:00,5.15,5.15,5.14,5.14,92900.0,477707.0
2024-01-11 09:56:00,5.14,5.14,5.13,5.13,31900.0,163943.0
2024-01-11 09:57:00,5.13,5.14,5.13,5.13,3000.0,15413.0
2024-01-11 09:58:00,5.13,5.13,5.13,5.13,67100.0,344223.0
2024-01-11 09:59:00,5.13,5.14,5.13,5.14,17300.0,88854.0
2024-01-11 10:00:00,5.13,5.13,5.13,5.13,67400.0,345750.0
2024-01-11 10:01:00,5.13,5.14,5.13,5.13,23200.0,119021.0
2024-01-11 10:02:00,5.14,5.14,5.13,5.14,25900.0,132998.0
2024-01-11 10:03:00,5.13,5.14,5.13,5.13,5100.0,26196.0
2024-01-11 10:04:00,5.13,5.13,5.13,5.13,36000.0,184680.0
2024-01-11 10:05:00,5.13,5.13,5.13,5.13,11400.0,58489.0
2024-01-11 10:06:00,5.14,5.14,5.12,5.13,84000.0,430919.0
2024-01-11 10:07:00,5.13,5.13,5.13,5.13,2300.0,11799.0
2024-01-11 10:08:00,5.14,5.14,5.13,5.13,30300.0,155443.0
2024-01-11 10:09:00,5.13,5.14,5.13,5.13,3600.0,18469.0
2024-01-11 10:10:00,5.13,5.14,5.13,5.13,19400.0,99532.0
2024-01-11 10:11:00,5.14,5.14,5.13,5.13,6100.0,31344.0
2024-01-11 10:12:00,5.13,5.13,5.13,5.13,3600.0,18468.0
2024-01-11 10:13:00,5.13,5.15,5.13,5.14,134800.0,693179.0
2024-01-11 10:14:00,5.14,5.15,5.14,5.15,15200.0,78254.0
2024-01-11 10:15:00,5.14,5.16,5.14,5.15,131700.0,678003.0
2024-01-11 10:16:00,5.15,5.15,5.14,5.15,28900.0,148672.0
2024-01-11 10:17:00,5.15,5.15,5.14,5.14,13700.0,70546.0
2024-01-11 10:18:00,5.15,5.16,5.15,5.15,35500.0,182844.0
2024-01-11 10:19:00,5.15,5.16,5.15,5.16,4700.0,24234.0
2024-01-11 10:20:00,5.16,5.16,5.14,5.15,54200.0,279141.0
2024-01-11 10:21:00,5.14,5.16,5.14,5.16,15400.0,79344.0
2024-01-11 10:22:00,5.15,5.16,5.15,5.15,5100.0,26269.0
2024-01-11 10:23:00,5.15,5.16,5.14,5.15,46800.0,241022.0
2024-01-11 10:24:00,5.14,5.15,5.14,5.15,1900.0,9767.0
2024-01-11 10:25:00,5.14,5.15,5.14,5.14,5200.0,26764.0
2024-01-11 10:26:00,5.14,5.15,5.14,5.14,8200.0,42165.0
2024-01-11 10:27:00,5.14,5.15,5.14,5.15,8200.0,42212.0
2024-01-11 10:28:00,5.15,5.15,5.14,5.15,31700.0,163245.0
2024-01-11 10:29:00,5.14,5.15,5.14,5.15,1900.0,9773.0
2024-01-11 10:30:00,5.14,5.15,5.14,5.14,9700.0,49921.0
2024-01-11 10:31:00,5.14,5.16,5.14,5.16,44000.0,226729.0
2024-01-11 10:32:00,5.16,5.16,5.15,5.16,3800.0,19595.0
2024-01-11 10:33:00,5.15,5.15,5.14,5.15,33700.0,173553.0
2024-01-11 10:34:00,5.14,5.14,5.13,5.14,94300.0,484638.0
2024-01-11 10:35:00,5.13,5.14,5.13,5.13,2800.0,14388.0
2024-01-11 10:36:00,5.14,5.14,5.13,5.14,1900.0,9758.0
2024-01-11 10:37:00,5.13,5.14,5.13,5.13,5500.0,28216.0
2024-01-11 10:38:00,5.13,5.14,5.13,5.14,3900.0,20016.0
2024-01-11 10:39:00,5.13,5.14,5.13,5.14,6400.0,32843.0
2024-01-11 10:40:00,5.13,5.14,5.13,5.13,14700.0,75424.0
2024-01-11 10:41:00,5.13,5.14,5.13,5.13,25700.0,131853.0
2024-01-11 10:42:00,5.13,5.13,5.12,5.12,92500.0,474507.0
2024-01-11 10:43:00,5.12,5.13,5.12,5.13,1800.0,9218.0
2024-01-11 10:44:00,5.12,5.13,5.12,5.12,7800.0,39937.0
2024-01-11 10:45:00,5.12,5.14,5.12,5.14,130800.0,671026.0
2024-01-11 10:46:00,5.13,5.14,5.13,5.13,23900.0,122608.0
2024-01-11 10:47:00,5.13,5.13,5.12,5.13,56300.0,288824.0
2024-01-11 10:48:00,5.12,5.13,5.12,5.13,3400.0,17409.0
2024-01-11 10:49:00,5.12,5.13,5.12,5.13,1000.0,5122.0
2024-01-11 10:50:00,5.12,5.12,5.12,5.12,3300.0,16896.0
2024-01-11 10:51:00,5.12,5.13,5.12,5.12,3200.0,16385.0
2024-01-11 10:52:00,5.12,5.13,5.12,5.13,3800.0,19457.0
2024-01-11 10:53:00,5.12,5.12,5.11,5.11,87900.0,450019.0
2024-01-11 10:54:00,5.11,5.12,5.11,5.11,11000.0,56212.0
2024-01-11 10:55:00,5.11,5.11,5.11,5.11,7000.0,35770.0
2024-01-11 10:56:00,5.12,5.12,5.11,5.11,5700.0,29180.0
2024-01-11 10:57:00,5.11,5.12,5.11,5.12,900.0,4600.0
2024-01-11 10:58:00,5.11,5.12,5.11,5.11,3700.0,18920.0
2024-01-11 10:59:00,5.12,5.12,5.11,5.12,10100.0,51664.0
2024-01-11 11:00:00,5.12,5.12,5.11,5.12,20500.0,104812.0
2024-01-11 11:01:00,5.11,5.12,5.11,5.11,9300.0,47526.0
2024-01-11 11:02:00,5.11,5.12,5.11,5.12,10700.0,54689.0
2024-01-11 11:03:00,5.11,5.11,5.11,5.11,2400.0,12264.0
2024-01-11 11:04:00,5.11,5.12,5.11,5.12,27800.0,142303.0
2024-01-11 11:05:00,5.12,5.12,5.11,5.12,7100.0,36311.0
2024-01-11 11:06:00,5.12,5.12,5.11,5.12,11900.0,60917.0
2024-01-11 11:07:00,5.11,5.11,5.11,5.11,6600.0,33727.0
2024-01-11 11:08:00,5.11,5.12,5.11,5.11,9100.0,46521.0
2024-01-11 11:09:00,5.11,5.12,5.11,5.11,5400.0,27608.0
2024-01-11 11:10:00,5.12,5.12,5.11,5.11,17400.0,88925.0
2024-01-11 11:11:00,5.11,5.13,5.11,5.13,113800.0,583033.0
2024-01-11 11:12:00,5.13,5.13,5.12,5.13,3600.0,18442.0
2024-01-11 11:13:00,5.13,5.13,5.12,5.13,11900.0,61045.0
2024-01-11 11:14:00,5.13,5.13,5.12,5.13,1700.0,8715.0
2024-01-11 11:15:00,5.13,5.13,5.12,5.13,3900.0,19974.0
2024-01-11 11:16:00,5.12,5.13,5.12,5.13,16200.0,82957.0
2024-01-11 11:17:00,5.13,5.14,5.13,5.14,30500.0,156506.0
2024-01-11 11:18:00,5.14,5.14,5.13,5.13,56700.0,290886.0
2024-01-11 11:19:00,5.13,5.13,5.12,5.13,3300.0,16913.0
2024-01-11 11:20:00,5.13,5.13,5.12,5.13,2300.0,11784.0
2024-01-11 11:21:00,5.13,5.13,5.12,5.13,13700.0,70159.0
2024-01-11 11:22:00,5.12,5.13,5.12,5.13,6600.0,33806.0
2024-01-11 11:23:00,5.13,5.13,5.12,5.13,14600.0,74770.0
2024-01-11 11:24:00,5.12,5.13,5.12,5.13,9100.0,46598.0
2024-01-11 11:25:00,5.12,5.13,5.12,5.13,12000.0,61467.0
2024-01-11 11:26:00,5.13,5.13,5.12,5.12,12900.0,66150.0
2024-01-11 11:27:00,5.12,5.13,5.12,5.12,8600.0,44108.0
2024-01-11 11:28:00,5.13,5.13,5.12,5.13,3400.0,17433.0
2024-01-11 11:29:00,5.12,5.13,5.12,5.12,9500.0,48660.0
2024-01-11 11:30:00,5.12,5.12,5.12,5.12,22200.0,113674.0
2024-01-11 13:01:00,5.12,5.13,5.12,5.13,61900.0,317103.0
2024-01-11 13:02:00,5.13,5.13,5.12,5.13,66300.0,340118.0
2024-01-11 13:03:00,5.12,5.13,5.12,5.13,15500.0,79483.0
2024-01-11 13:04:00,5.12,5.14,5.12,5.14,46600.0,238984.0
2024-01-11 13:05:00,5.13,5.14,5.13,5.14,57900.0,297067.0
2024-01-11 13:06:00,5.14,5.14,5.13,5.14,92600.0,475397.0
2024-01-11 13:07:00,5.14,5.15,5.13,5.14,93200.0,479107.0
2024-01-11 13:08:00,5.14,5.15,5.13,5.14,124400.0,639520.0
2024-01-11 13:09:00,5.13,5.15,5.13,5.14,78500.0,403350.0
2024-01-11 13:10:00,5.13,5.15,5.13,5.15,45100.0,231839.0
2024-01-11 13:11:00,5.14,5.14,5.13,5.14,99400.0,510933.0
2024-01-11 13:12:00,5.14,5.15,5.13,5.14,113400.0,582354.0
2024-01-11 13:13:00,5.14,5.14,5.13,5.13,12700.0,65229.0
2024-01-11 13:14:00,5.13,5.14,5.13,5.14,54600.0,280571.0
2024-01-11 13:15:00,5.13,5.14,5.13,5.14,61500.0,316062.0
2024-01-11 13:16:00,5.14,5.15,5.13,5.15,47300.0,243375.0
2024-01-11 13:17:00,5.14,5.15,5.14,5.14,85900.0,441634.0
2024-01-11 13:18:00,5.14,5.14,5.13,5.14,14500.0,74514.0
2024-01-11 13:19:00,5.14,5.15,5.13,5.15,45800.0,235514.0
2024-01-11 13:20:00,5.14,5.16,5.14,5.15,26400.0,135942.0
2024-01-11 13:21:00,5.15,5.15,5.14,5.14,1600.0,8227.0
2024-01-11 13:22:00,5.14,5.14,5.13,5.14,103900.0,533808.0
2024-01-11 13:23:00,5.13,5.14,5.13,5.13,48800.0,250488.0
2024-01-11 13:24:00,5.14,5.14,5.13,5.14,48900.0,251291.0
2024-01-11 13:25:00,5.14,5.14,5.13,5.14,6200.0,31836.0
2024-01-11 13:26:00,5.14,5.14,5.13,5.13,2100.0,10787.0
2024-01-11 13:27:00,5.14,5.14,5.13,5.14,28500.0,146300.0
2024-01-11 13:28:00,5.14,5.14,5.13,5.14,23800.0,122312.0
2024-01-11 13:29:00,5.14,5.15,5.14,5.15,47300.0,243346.0
2024-01-11 13:30:00,5.15,5.15,5.14,5.14,17700.0,91019.0
2024-01-11 13:31:00,5.14,5.15,5.14,5.15,10900.0,56037.0
2024-01-11 13:32:00,5.14,5.15,5.14,5.14,93000.0,478042.0
2024-01-11 13:33:00,5.13,5.14,5.13,5.14,32800.0,168574.0
2024-01-11 13:34:00,5.13,5.14,5.13,5.14,6800.0,34946.0
2024-01-11 13:35:00,5.13,5.14,5.13,5.13,7100.0,36489.0
2024-01-11 13:36:00,5.14,5.15,5.14,5.15,43300.0,222572.0
2024-01-11 13:37:00,5.14,5.15,5.14,5.15,18000.0,92620.0
2024-01-11 13:38:00,5.14,5.15,5.14,5.15,38400.0,197589.0
2024-01-11 13:39:00,5.14,5.15,5.14,5.14,18300.0,94122.0
2024-01-11 13:40:00,5.14,5.15,5.14,5.14,6800.0,34966.0
2024-01-11 13:41:00,5.14,5.15,5.14,5.15,7800.0,40138.0
2024-01-11 13:42:00,5.14,5.15,5.14,5.15,80100.0,412334.0
2024-01-11 13:43:00,5.14,5.15,5.14,5.14,7700.0,39618.0
2024-01-11 13:44:00,5.14,5.15,5.14,5.15,33500.0,172254.0
2024-01-11 13:45:00,5.14,5.15,5.13,5.13,150300.0,772593.0
2024-01-11 13:46:00,5.13,5.14,5.13,5.13,8900.0,45700.0
2024-01-11 13:47:00,5.14,5.15,5.13,5.14,81100.0,416850.0
2024-01-11 13:48:00,5.14,5.15,5.14,5.15,20600.0,105939.0
2024-01-11 13:49:00,5.14,5.14,5.13,5.13,57600.0,296052.0
2024-01-11 13:50:00,5.14,5.15,5.13,5.15,64600.0,332169.0
2024-01-11 13:51:00,5.15,5.15,5.14,5.15,14800.0,76137.0
2024-01-11 13:52:00,5.14,5.15,5.14,5.15,26900.0,138521.0
2024-01-11 13:53:00,5.14,5.15,5.13,5.13,134800.0,692846.0
2024-01-11 13:54:00,5.13,5.14,5.13,5.14,16500.0,84807.0
2024-01-11 13:55:00,5.13,5.14,5.13,5.14,14300.0,73480.0
2024-01-11 13:56:00,5.14,5.14,5.13,5.13,16700.0,85830.0
2024-01-11 13:57:00,5.13,5.14,5.13,5.14,5400.0,27736.0
2024-01-11 13:58:00,5.13,5.14,5.13,5.13,7700.0,39547.0
2024-01-11 13:59:00,5.14,5.14,5.13,5.13,7800.0,40064.0
2024-01-11 14:00:00,5.13,5.14,5.13,5.13,16400.0,84179.0
2024-01-11 14:01:00,5.13,5.14,5.12,5.12,403200.0,2068317.0
2024-01-11 14:02:00,5.12,5.13,5.12,5.13,64600.0,330773.0
2024-01-11 14:03:00,5.12,5.12,5.12,5.12,1700.0,8704.0
2024-01-11 14:04:00,5.12,5.12,5.12,5.12,6200.0,31744.0
2024-01-11 14:05:00,5.12,5.13,5.12,5.12,144100.0,737860.0
2024-01-11 14:06:00,5.12,5.12,5.12,5.12,25100.0,128512.0
2024-01-11 14:07:00,5.12,5.13,5.12,5.12,11300.0,57893.0
2024-01-11 14:08:00,5.13,5.13,5.12,5.12,190600.0,975489.0
2024-01-11 14:09:00,5.11,5.12,5.11,5.12,3100.0,15865.0
2024-01-11 14:10:00,5.11,5.12,5.11,5.11,15400.0,78707.0
2024-01-11 14:11:00,5.11,5.12,5.11,5.11,19800.0,101184.0
2024-01-11 14:12:00,5.11,5.11,5.1,5.11,162400.0,829858.0
2024-01-11 14:13:00,5.1,5.11,5.1,5.11,69900.0,356945.0
2024-01-11 14:14:00,5.11,5.11,5.1,5.1,11900.0,60766.0
2024-01-11 14:15:00,5.1,5.11,5.1,5.1,9500.0,48513.0
2024-01-11 14:16:00,5.11,5.12,5.1,5.12,44900.0,229398.0
2024-01-11 14:17:00,5.11,5.12,5.11,5.12,14000.0,71567.0
2024-01-11 14:18:00,5.12,5.12,5.11,5.11,3500.0,17908.0
2024-01-11 14:19:00,5.12,5.12,5.11,5.12,3600.0,18419.0
2024-01-11 14:20:00,5.11,5.12,5.11,5.11,21200.0,108525.0
2024-01-11 14:21:00,5.12,5.12,5.1,5.1,160100.0,818121.0
2024-01-11 14:22:00,5.11,5.11,5.1,5.11,6000.0,30644.0
2024-01-11 14:23:00,5.1,5.1,5.1,5.1,8200.0,41825.0
2024-01-11 14:24:00,5.11,5.11,5.1,5.11,66400.0,339296.0
2024-01-11 14:25:00,5.11,5.11,5.1,5.1,10200.0,52056.0
2024-01-11 14:26:00,5.1,5.11,5.1,5.1,6400.0,32662.0
2024-01-11 14:27:00,5.11,5.11,5.1,5.11,86800.0,443488.0
2024-01-11 14:28:00,5.11,5.11,5.1,5.11,27700.0,141486.0
2024-01-11 14:29:00,5.11,5.11,5.1,5.1,5000.0,25526.0
2024-01-11 14:30:00,5.1,5.11,5.1,5.11,62500.0,319035.0
2024-01-11 14:31:00,5.11,5.11,5.11,5.11,16000.0,81759.0
2024-01-11 14:32:00,5.11,5.11,5.1,5.1,55200.0,281571.0
2024-01-11 14:33:00,5.11,5.11,5.1,5.1,7100.0,36255.0
2024-01-11 14:34:00,5.1,5.11,5.1,5.1,34800.0,177516.0
2024-01-11 14:35:00,5.1,5.11,5.1,5.11,39800.0,203084.0
2024-01-11 14:36:00,5.1,5.1,5.09,5.09,423900.0,2161660.0
2024-01-11 14:37:00,5.1,5.1,5.09,5.09,26600.0,135643.0
2024-01-11 14:38:00,5.1,5.1,5.09,5.1,5600.0,28558.0
2024-01-11 14:39:00,5.1,5.1,5.09,5.1,22700.0,115761.0
2024-01-11 14:40:00,5.1,5.1,5.09,5.09,11400.0,58081.0
2024-01-11 14:41:00,5.1,5.1,5.09,5.09,171000.0,870990.0
2024-01-11 14:42:00,5.09,5.1,5.09,5.1,42200.0,215190.0
2024-01-11 14:43:00,5.1,5.1,5.09,5.09,132300.0,673562.0
2024-01-11 14:44:00,5.1,5.1,5.09,5.09,21600.0,110004.0
2024-01-11 14:45:00,5.1,5.1,5.09,5.1,39000.0,198860.0
2024-01-11 14:46:00,5.09,5.1,5.09,5.09,24400.0,124340.0
2024-01-11 14:47:00,5.1,5.1,5.09,5.09,48100.0,245256.0
2024-01-11 14:48:00,5.1,5.1,5.09,5.09,46000.0,234292.0
2024-01-11 14:49:00,5.1,5.1,5.09,5.1,38200.0,194599.0
2024-01-11 14:50:00,5.09,5.1,5.08,5.09,279700.0,1423823.0
2024-01-11 14:51:00,5.09,5.1,5.09,5.1,40900.0,208292.0
2024-01-11 14:52:00,5.09,5.1,5.09,5.09,96000.0,488804.0
2024-01-11 14:53:00,5.09,5.1,5.09,5.1,102100.0,520620.0
2024-01-11 14:54:00,5.1,5.1,5.09,5.09,37700.0,191989.0
2024-01-11 14:55:00,5.1,5.1,5.09,5.1,63700.0,324579.0
2024-01-11 14:56:00,5.1,5.1,5.09,5.1,47800.0,243620.0
2024-01-11 14:57:00,5.1,5.11,5.09,5.11,68700.0,350239.0
2024-01-11 14:58:00,5.1,5.1,5.1,5.1,800.0,4080.0
2024-01-11 14:59:00,5.1,5.1,5.1,5.1,0.0,0.0
2024-01-11 15:00:00,5.1,5.1,5.1,5.1,142000.0,724200.0
2024-01-12 09:31:00,5.08,5.15,5.08,5.12,665400.0,3409858.0
2024-01-12 09:32:00,5.12,5.14,5.12,5.14,131500.0,674373.0
2024-01-12 09:33:00,5.13,5.15,5.13,5.14,265600.0,1365233.0
2024-01-12 09:34:00,5.13,5.16,5.13,5.16,170000.0,875112.0
2024-01-12 09:35:00,5.15,5.15,5.14,5.14,100200.0,515496.0
2024-01-12 09:36:00,5.14,5.15,5.13,5.13,88400.0,454370.0
2024-01-12 09:37:00,5.14,5.14,5.13,5.13,25900.0,132969.0
2024-01-12 09:38:00,5.13,5.13,5.13,5.13,80000.0,410400.0
2024-01-12 09:39:00,5.13,5.14,5.13,5.13,45400.0,232906.0
2024-01-12 09:40:00,5.13,5.16,5.13,5.14,276200.0,1421160.0
2024-01-12 09:41:00,5.16,5.16,5.15,5.15,97100.0,500426.0
2024-01-12 09:42:00,5.15,5.17,5.15,5.15,254800.0,1314260.0
2024-01-12 09:43:00,5.15,5.15,5.15,5.15,45600.0,234842.0
2024-01-12 09:44:00,5.16,5.16,5.15,5.15,76100.0,392640.0
2024-01-12 09:45:00,5.16,5.16,5.15,5.15,26500.0,136619.15625
2024-01-12 09:46:00,5.16,5.16,5.15,5.16,81500.0,419747.0
2024-01-12 09:47:00,5.16,5.16,5.15,5.15,19100.0,98412.0
2024-01-12 09:48:00,5.15,5.17,5.15,5.15,222100.0,1146228.0
2024-01-12 09:49:00,5.15,5.16,5.15,5.15,9900.0,51055.0
2024-01-12 09:50:00,5.16,5.16,5.14,5.14,51400.0,264757.0
2024-01-12 09:51:00,5.14,5.16,5.14,5.15,81400.0,419543.0
2024-01-12 09:52:00,5.15,5.16,5.15,5.16,1900.0,9796.0
2024-01-12 09:53:00,5.15,5.16,5.15,5.16,17700.0,91270.0
2024-01-12 09:54:00,5.15,5.17,5.15,5.16,281400.0,1453535.0
2024-01-12 09:55:00,5.17,5.17,5.16,5.17,8400.0,43415.0
2024-01-12 09:56:00,5.17,5.17,5.17,5.17,40200.0,207732.0
2024-01-12 09:57:00,5.16,5.17,5.16,5.17,18300.0,94529.0
2024-01-12 09:58:00,5.16,5.18,5.16,5.18,93300.0,482310.0
2024-01-12 09:59:00,5.17,5.19,5.17,5.17,238000.0,1232827.0
2024-01-12 10:00:00,5.17,5.18,5.17,5.17,13000.0,67249.0
2024-01-12 10:01:00,5.17,5.18,5.17,5.18,114000.0,589641.0
2024-01-12 10:02:00,5.18,5.18,5.17,5.18,22000.0,113953.0
2024-01-12 10:03:00,5.18,5.18,5.17,5.18,29400.0,152282.0
2024-01-12 10:04:00,5.18,5.19,5.18,5.18,146200.0,757404.0
2024-01-12 10:05:00,5.17,5.18,5.17,5.18,5200.0,26928.0
2024-01-12 10:06:00,5.18,5.18,5.17,5.17,114700.0,593012.0
2024-01-12 10:07:00,5.17,5.17,5.17,5.17,7400.0,38258.0
2024-01-12 10:08:00,5.17,5.17,5.17,5.17,45600.0,235753.0
2024-01-12 10:09:00,5.17,5.18,5.17,5.18,12600.0,65151.0
2024-01-12 10:10:00,5.17,5.18,5.17,5.17,24100.0,124665.0
2024-01-12 10:11:00,5.17,5.18,5.17,5.18,18000.0,93166.0
2024-01-12 10:12:00,5.18,5.18,5.17,5.18,56300.0,291630.0
2024-01-12 10:13:00,5.17,5.18,5.17,5.17,18300.0,94750.0
2024-01-12 10:14:00,5.17,5.18,5.17,5.17,7700.0,39819.0
2024-01-12 10:15:00,5.17,5.18,5.17,5.17,19100.0,98818.0
2024-01-12 10:16:00,5.17,5.17,5.17,5.17,96800.0,500481.0
2024-01-12 10:17:00,5.16,5.16,5.16,5.16,15300.0,78948.0
2024-01-12 10:18:00,5.16,5.17,5.16,5.17,2600.0,13418.0
2024-01-12 10:19:00,5.17,5.18,5.17,5.18,75400.0,389810.0
2024-01-12 10:20:00,5.17,5.18,5.17,5.18,110500.0,571362.0
2024-01-12 10:21:00,5.17,5.17,5.17,5.17,8300.0,42941.0
2024-01-12 10:22:00,5.17,5.17,5.16,5.17,47500.0,245569.0
2024-01-12 10:23:00,5.17,5.18,5.17,5.17,39000.0,201632.0
2024-01-12 10:24:00,5.17,5.17,5.16,5.17,1400.0,7237.0
2024-01-12 10:25:00,5.17,5.17,5.16,5.17,10500.0,54247.0
2024-01-12 10:26:00,5.17,5.18,5.17,5.18,41000.0,212040.0
2024-01-12 10:27:00,5.18,5.18,5.17,5.17,18100.0,93750.0
2024-01-12 10:28:00,5.18,5.18,5.17,5.17,20900.0,108260.0
2024-01-12 10:29:00,5.17,5.18,5.17,5.18,8900.0,46062.0
2024-01-12 10:30:00,5.17,5.18,5.17,5.18,30100.0,155727.0
2024-01-12 10:31:00,5.18,5.2,5.18,5.2,476600.0,2473046.0
2024-01-12 10:32:00,5.19,5.2,5.19,5.2,29300.0,152358.0
2024-01-12 10:33:00,5.2,5.21,5.19,5.2,81800.0,425483.0
2024-01-12 10:34:00,5.2,5.21,5.2,5.2,36700.0,190954.0
2024-01-12 10:35:00,5.21,5.21,5.2,5.21,21100.0,109875.0
2024-01-12 10:36:00,5.21,5.21,5.19,5.2,163600.0,850444.0
2024-01-12 10:37:00,5.2,5.22,5.2,5.22,466000.0,2426576.0
2024-01-12 10:38:00,5.22,5.22,5.21,5.21,92400.0,481763.0
2024-01-12 10:39:00,5.22,5.24,5.22,5.23,494900.0,2587049.0
2024-01-12 10:40:00,5.22,5.23,5.22,5.23,30300.0,158382.0
2024-01-12 10:41:00,5.23,5.23,5.23,5.23,113100.0,591382.0
2024-01-12 10:42:00,5.23,5.23,5.22,5.22,164600.0,859480.0
2024-01-12 10:43:00,5.22,5.22,5.21,5.21,31200.0,162812.0
2024-01-12 10:44:00,5.21,5.22,5.21,5.22,40400.0,210812.0
2024-01-12 10:45:00,5.22,5.22,5.22,5.22,62700.0,327294.0
2024-01-12 10:46:00,5.22,5.22,5.22,5.22,22300.0,116406.0
2024-01-12 10:47:00,5.21,5.22,5.21,5.22,28800.0,150321.0
2024-01-12 10:48:00,5.22,5.22,5.21,5.22,23200.0,121073.0
2024-01-12 10:49:00,5.22,5.22,5.21,5.22,23400.0,122122.0
2024-01-12 10:50:00,5.21,5.22,5.21,5.22,24200.0,126275.0
2024-01-12 10:51:00,5.21,5.22,5.21,5.22,31900.0,166412.0
2024-01-12 10:52:00,5.22,5.22,5.21,5.22,37900.0,197793.0
2024-01-12 10:53:00,5.22,5.22,5.21,5.21,28100.0,146642.0
2024-01-12 10:54:00,5.21,5.22,5.21,5.22,30000.0,156500.0
2024-01-12 10:55:00,5.22,5.22,5.21,5.22,36200.0,188891.0
2024-01-12 10:56:00,5.21,5.22,5.21,5.22,23400.0,122139.0
2024-01-12 10:57:00,5.22,5.22,5.21,5.22,10600.0,55293.0
2024-01-12 10:58:00,5.22,5.22,5.21,5.21,7800.0,40679.0
2024-01-12 10:59:00,5.21,5.22,5.21,5.21,25100.0,130858.0
2024-01-12 11:00:00,5.21,5.22,5.2,5.21,87100.0,453866.0
2024-01-12 11:01:00,5.22,5.22,5.21,5.22,25400.0,132339.0
2024-01-12 11:02:00,5.21,5.21,5.21,5.21,8600.0,44806.0
2024-01-12 11:03:00,5.21,5.21,5.2,5.2,21600.0,112516.0
2024-01-12 11:04:00,5.21,5.21,5.2,5.2,8500.0,44225.0
2024-01-12 11:05:00,5.2,5.2,5.19,5.19,36000.0,187192.0
2024-01-12 11:06:00,5.19,5.2,5.19,5.19,12200.0,63319.0
2024-01-12 11:07:00,5.19,5.19,5.19,5.19,2500.0,12975.0
2024-01-12 11:08:00,5.19,5.19,5.19,5.19,5700.0,29583.0
2024-01-12 11:09:00,5.19,5.2,5.19,5.19,14800.0,76818.0
2024-01-12 11:10:00,5.19,5.2,5.19,5.2,4600.0,23878.0
2024-01-12 11:11:00,5.2,5.21,5.19,5.21,62100.0,322909.0
2024-01-12 11:12:00,5.2,5.21,5.19,5.19,54500.0,283386.0
2024-01-12 11:13:00,5.19,5.19,5.19,5.19,400.0,2076.0
2024-01-12 11:14:00,5.19,5.2,5.19,5.19,7600.0,39449.0
2024-01-12 11:15:00,5.19,5.19,5.19,5.19,2700.0,14013.0
2024-01-12 11:16:00,5.19,5.21,5.19,5.2,52100.0,270948.0
2024-01-12 11:17:00,5.21,5.21,5.2,5.2,5800.0,30170.0
2024-01-12 11:18:00,5.2,5.2,5.2,5.2,16900.0,87880.0
2024-01-12 11:19:00,5.2,5.2,5.19,5.19,32200.0,167244.0
2024-01-12 11:20:00,5.19,5.19,5.19,5.19,38900.0,201891.0
2024-01-12 11:21:00,5.19,5.2,5.19,5.19,54500.0,283314.0
2024-01-12 11:22:00,5.2,5.2,5.19,5.2,23100.0,120100.0
2024-01-12 11:23:00,5.19,5.2,5.19,5.19,5200.0,27017.0
2024-01-12 11:24:00,5.2,5.23,5.2,5.23,248700.0,1297227.0
2024-01-12 11:25:00,5.22,5.23,5.21,5.22,28700.0,149838.0
2024-01-12 11:26:00,5.21,5.21,5.21,5.21,43300.0,225601.0
2024-01-12 11:27:00,5.21,5.21,5.21,5.21,5600.0,29176.0
2024-01-12 11:28:00,5.22,5.22,5.21,5.21,11900.0,62098.0
2024-01-12 11:29:00,5.22,5.22,5.21,5.21,32100.0,167244.0
2024-01-12 11:30:00,5.21,5.21,5.2,5.2,31400.0,163518.0
2024-01-12 13:01:00,5.2,5.21,5.19,5.19,170500.0,887267.0
2024-01-12 13:02:00,5.2,5.2,5.19,5.19,30200.0,156914.0
2024-01-12 13:03:00,5.19,5.2,5.19,5.2,5100.0,26491.0
2024-01-12 13:04:00,5.2,5.2,5.2,5.2,3700.0,19237.0
2024-01-12 13:05:00,5.2,5.2,5.19,5.2,8000.0,41593.0
2024-01-12 13:06:00,5.19,5.2,5.19,5.2,2800.0,14555.0
2024-01-12 13:07:00,5.2,5.2,5.19,5.19,21400.0,111122.0
2024-01-12 13:08:00,5.19,5.2,5.19,5.19,17000.0,88375.0
2024-01-12 13:09:00,5.2,5.2,5.19,5.19,6800.0,35318.0
2024-01-12 13:10:00,5.2,5.2,5.19,5.19,11800.0,61261.0
2024-01-12 13:11:00,5.2,5.2,5.19,5.19,3400.0,17663.0
2024-01-12 13:12:00,5.19,5.19,5.19,5.19,17800.0,92401.0
2024-01-12 13:13:00,5.19,5.2,5.18,5.18,115200.0,597632.0
2024-01-12 13:14:00,5.19,5.2,5.19,5.19,56700.0,294308.0
2024-01-12 13:15:00,5.19,5.2,5.19,5.19,13300.0,69068.0
2024-01-12 13:16:00,5.19,5.2,5.19,5.19,1500.0,7788.0
2024-01-12 13:17:00,5.19,5.2,5.19,5.2,57700.0,299639.0
2024-01-12 13:18:00,5.2,5.2,5.19,5.19,10000.0,51994.0
2024-01-12 13:19:00,5.2,5.2,5.19,5.19,3700.0,19217.0
2024-01-12 13:20:00,5.2,5.2,5.19,5.2,18000.0,93521.0
2024-01-12 13:21:00,5.19,5.2,5.19,5.19,18200.0,94522.0
2024-01-12 13:22:00,5.2,5.2,5.19,5.2,6300.0,32755.0
2024-01-12 13:23:00,5.19,5.2,5.19,5.19,5000.0,25973.0
2024-01-12 13:24:00,5.19,5.2,5.18,5.2,144300.0,748798.0
2024-01-12 13:25:00,5.2,5.2,5.19,5.19,11400.0,59256.0
2024-01-12 13:26:00,5.19,5.2,5.19,5.2,16100.0,83614.0
2024-01-12 13:27:00,5.2,5.2,5.19,5.19,29600.0,153849.0
2024-01-12 13:28:00,5.19,5.21,5.19,5.21,420900.0,2185725.0
2024-01-12 13:29:00,5.22,5.22,5.21,5.22,146300.0,763454.0
2024-01-12 13:30:00,5.22,5.22,5.21,5.21,43700.0,228074.0
2024-01-12 13:31:00,5.21,5.21,5.21,5.21,21400.0,111571.0
2024-01-12 13:32:00,5.21,5.22,5.21,5.22,58900.0,307050.0
2024-01-12 13:33:00,5.22,5.23,5.21,5.23,121100.0,632189.0
2024-01-12 13:34:00,5.22,5.23,5.22,5.22,26800.0,139946.0
2024-01-12 13:35:00,5.22,5.23,5.22,5.22,133200.0,695489.0
2024-01-12 13:36:00,5.22,5.22,5.21,5.21,19300.0,100696.0
2024-01-12 13:37:00,5.22,5.22,5.21,5.22,46700.0,243576.0
2024-01-12 13:38:00,5.21,5.21,5.21,5.21,200.0,1042.0
2024-01-12 13:39:00,5.21,5.22,5.21,5.22,6500.0,33882.0
2024-01-12 13:40:00,5.21,5.22,5.21,5.21,19000.0,99035.0
2024-01-12 13:41:00,5.22,5.22,5.2,5.21,98800.0,514952.0
2024-01-12 13:42:00,5.21,5.21,5.2,5.2,30600.0,159415.0
2024-01-12 13:43:00,5.21,5.21,5.2,5.2,36200.0,188385.0
2024-01-12 13:44:00,5.2,5.21,5.2,5.2,48000.0,249675.0
2024-01-12 13:45:00,5.2,5.2,5.2,5.2,17100.0,88920.0
2024-01-12 13:46:00,5.2,5.2,5.19,5.19,1700.0,8828.0
2024-01-12 13:47:00,5.19,5.19,5.19,5.19,10400.0,53976.0
2024-01-12 13:48:00,5.19,5.2,5.19,5.19,49300.0,255982.0
2024-01-12 13:49:00,5.19,5.2,5.19,5.19,116000.0,602311.0
2024-01-12 13:50:00,5.2,5.2,5.19,5.19,2600.0,13499.0
2024-01-12 13:51:00,5.19,5.2,5.19,5.2,45700.0,237327.0
2024-01-12 13:52:00,5.2,5.2,5.19,5.19,21100.0,109606.0
2024-01-12 13:53:00,5.2,5.2,5.2,5.2,8700.0,45240.0
2024-01-12 13:54:00,5.2,5.2,5.2,5.2,95600.0,497107.0
2024-01-12 13:55:00,5.2,5.21,5.2,5.2,18200.0,94658.0
2024-01-12 13:56:00,5.2,5.2,5.2,5.2,1500.0,7800.0
2024-01-12 13:57:00,5.2,5.21,5.2,5.21,118600.0,617810.0
2024-01-12 13:58:00,5.21,5.21,5.2,5.21,73600.0,383417.0
2024-01-12 13:59:00,5.21,5.21,5.2,5.2,30700.0,159932.0
2024-01-12 14:00:00,5.21,5.21,5.2,5.21,9300.0,48441.0
2024-01-12 14:01:00,5.2,5.21,5.2,5.21,64400.0,335512.0
2024-01-12 14:02:00,5.2,5.21,5.2,5.2,59100.0,307901.0
2024-01-12 14:03:00,5.21,5.21,5.2,5.21,46500.0,242147.0
2024-01-12 14:04:00,5.2,5.21,5.19,5.19,226200.0,1177238.0
2024-01-12 14:05:00,5.2,5.2,5.2,5.2,28600.0,148700.0
2024-01-12 14:06:00,5.2,5.21,5.2,5.21,8200.0,42719.0
2024-01-12 14:07:00,5.2,5.2,5.2,5.2,71200.0,370240.0
2024-01-12 14:08:00,5.2,5.2,5.2,5.2,3200.0,16640.0
2024-01-12 14:09:00,5.2,5.2,5.19,5.2,2000.0,10394.0
2024-01-12 14:10:00,5.2,5.2,5.2,5.2,36600.0,190320.0
2024-01-12 14:11:00,5.2,5.21,5.2,5.2,5800.0,30206.0
2024-01-12 14:12:00,5.21,5.21,5.2,5.2,15500.0,80712.0
2024-01-12 14:13:00,5.2,5.21,5.2,5.2,30700.0,159662.0
2024-01-12 14:14:00,5.2,5.21,5.2,5.2,16100.0,83870.0
2024-01-12 14:15:00,5.21,5.22,5.21,5.21,234100.0,1219671.0
2024-01-12 14:16:00,5.21,5.22,5.21,5.21,80700.0,420449.0
2024-01-12 14:17:00,5.21,5.21,5.2,5.21,15500.0,80669.0
2024-01-12 14:18:00,5.2,5.2,5.2,5.2,400.0,2080.0
2024-01-12 14:19:00,5.2,5.21,5.2,5.21,5700.0,29671.0
2024-01-12 14:20:00,5.2,5.21,5.2,5.21,3200.0,16656.0
2024-01-12 14:21:00,5.2,5.21,5.2,5.21,6200.0,32300.0
2024-01-12 14:22:00,5.2,5.21,5.2,5.21,106500.0,554859.0
2024-01-12 14:23:00,5.21,5.21,5.2,5.2,84700.0,441284.0
2024-01-12 14:24:00,5.2,5.21,5.2,5.2,9500.0,49468.0
2024-01-12 14:25:00,5.2,5.21,5.2,5.2,38000.0,197963.0
2024-01-12 14:26:00,5.2,5.21,5.2,5.2,19900.0,103573.0
2024-01-12 14:27:00,5.2,5.21,5.2,5.2,28600.0,148754.0
2024-01-12 14:28:00,5.2,5.21,5.2,5.21,70800.0,368282.0
2024-01-12 14:29:00,5.21,5.21,5.2,5.2,49200.0,255868.0
2024-01-12 14:30:00,5.2,5.21,5.2,5.2,31100.0,161853.0
2024-01-12 14:31:00,5.21,5.21,5.2,5.2,8400.0,43749.0
2024-01-12 14:32:00,5.2,5.21,5.2,5.21,7300.0,38000.0
2024-01-12 14:33:00,5.2,5.21,5.2,5.2,69300.0,361046.0
2024-01-12 14:34:00,5.21,5.21,5.2,5.2,8900.0,46304.0
2024-01-12 14:35:00,5.2,5.21,5.2,5.2,20400.0,106099.0
2024-01-12 14:36:00,5.2,5.2,5.19,5.2,175500.0,912534.0
2024-01-12 14:37:00,5.19,5.2,5.19,5.2,3400.0,17677.0
2024-01-12 14:38:00,5.19,5.2,5.19,5.2,14200.0,73743.0
2024-01-12 14:39:00,5.2,5.2,5.18,5.18,207400.0,1076262.0
2024-01-12 14:40:00,5.18,5.19,5.18,5.18,4900.0,25416.0
2024-01-12 14:41:00,5.19,5.19,5.18,5.18,63900.0,331623.0
2024-01-12 14:42:00,5.19,5.19,5.18,5.18,42400.0,219790.0
2024-01-12 14:43:00,5.19,5.19,5.19,5.19,69300.0,359633.0
2024-01-12 14:44:00,5.19,5.2,5.19,5.2,10800.0,56110.0
2024-01-12 14:45:00,5.19,5.2,5.19,5.19,23900.0,124062.0
2024-01-12 14:46:00,5.19,5.19,5.18,5.19,31800.0,165033.0
2024-01-12 14:47:00,5.19,5.19,5.18,5.18,46100.0,239238.0
2024-01-12 14:48:00,5.19,5.19,5.18,5.19,48000.0,249091.0
2024-01-12 14:49:00,5.19,5.19,5.18,5.18,14800.0,76726.0
2024-01-12 14:50:00,5.18,5.19,5.18,5.18,23300.0,120864.0
2024-01-12 14:51:00,5.19,5.2,5.18,5.19,74600.0,387142.0
2024-01-12 14:52:00,5.18,5.19,5.18,5.19,70100.0,363204.0
2024-01-12 14:53:00,5.18,5.19,5.18,5.18,12300.0,63791.0
2024-01-12 14:54:00,5.19,5.19,5.18,5.18,99300.0,515172.0
2024-01-12 14:55:00,5.19,5.19,5.18,5.18,44600.0,231311.0
2024-01-12 14:56:00,5.19,5.19,5.18,5.19,50300.0,260892.0
2024-01-12 14:57:00,5.19,5.19,5.18,5.19,31900.0,165320.0
2024-01-12 14:58:00,5.19,5.19,5.19,5.19,0.0,0.0
2024-01-12 14:59:00,5.19,5.19,5.19,5.19,0.0,0.0
2024-01-12 15:00:00,5.18,5.18,5.18,5.18,100600.0,521108.0
