trade_time,open,high,low,close,vol,amount
2024-01-02 09:31:00,27.97,27.98,27.52,27.6,181900.0,5043698.0
2024-01-02 09:32:00,27.6,27.66,27.59,27.64,83200.0,2298773.0
2024-01-02 09:33:00,27.63,27.64,27.6,27.61,79200.0,2187565.0
2024-01-02 09:34:00,27.62,27.67,27.6,27.67,31900.0,881182.0
2024-01-02 09:35:00,27.67,27.68,27.61,27.65,41400.0,1142598.0
2024-01-02 09:36:00,27.61,27.61,27.42,27.45,192300.0,5294229.5
2024-01-02 09:37:00,27.43,27.62,27.41,27.61,153500.0,4222012.5
2024-01-02 09:38:00,27.61,27.73,27.61,27.73,52500.0,1450435.25
2024-01-02 09:39:00,27.75,27.9,27.73,27.87,44000.0,1224564.0
2024-01-02 09:40:00,27.87,27.87,27.72,27.72,39400.0,1096363.0
2024-01-02 09:41:00,27.72,27.85,27.72,27.85,35200.0,978075.0
2024-01-02 09:42:00,27.87,27.9,27.85,27.88,15100.0,420953.0
2024-01-02 09:43:00,27.9,27.91,27.8,27.8,25800.0,719247.0
2024-01-02 09:44:00,27.8,27.9,27.8,27.88,19700.0,548868.0
2024-01-02 09:45:00,27.89,28.13,27.88,28.13,42900.0,1204325.0
2024-01-02 09:46:00,28.13,28.13,27.9,27.93,45500.0,1277176.0
2024-01-02 09:47:00,28.05,28.05,28.01,28.05,74100.0,2075987.0
2024-01-02 09:48:00,28.04,28.04,28.01,28.01,23300.0,652566.875
2024-01-02 09:49:00,28.01,28.01,28.0,28.01,30000.0,840280.0
2024-01-02 09:50:00,28.02,28.02,27.93,27.93,39800.0,1114007.0
2024-01-02 09:51:00,27.93,27.93,27.91,27.91,12900.0,360232.0
2024-01-02 09:52:00,27.9,27.91,27.88,27.89,21200.0,591427.0
2024-01-02 09:53:00,27.87,27.92,27.81,27.84,26500.0,737013.625
2024-01-02 09:54:00,27.91,27.98,27.91,27.98,10800.0,301862.0
2024-01-02 09:55:00,27.97,27.97,27.86,27.93,17100.0,477274.0
2024-01-02 09:56:00,27.93,27.96,27.9,27.93,34400.0,960756.0
2024-01-02 09:57:00,27.88,27.92,27.86,27.86,12200.0,340029.0
2024-01-02 09:58:00,27.85,27.87,27.82,27.87,24700.0,687770.0
2024-01-02 09:59:00,27.86,27.94,27.86,27.94,21100.0,588943.0
2024-01-02 10:00:00,27.93,27.94,27.91,27.93,17300.0,483207.0
2024-01-02 10:01:00,27.93,27.93,27.91,27.91,8000.0,223395.0
2024-01-02 10:02:00,27.91,27.91,27.88,27.88,17000.0,474359.0
2024-01-02 10:03:00,27.88,27.91,27.82,27.91,30900.0,862308.0
2024-01-02 10:04:00,27.91,27.91,27.88,27.88,14100.0,393271.40625
2024-01-02 10:05:00,27.88,27.88,27.81,27.84,17900.0,496253.625
2024-01-02 10:06:00,27.83,27.84,27.8,27.8,19300.0,537891.375
2024-01-02 10:07:00,27.8,27.81,27.8,27.8,14600.0,405902.0
2024-01-02 10:08:00,27.8,27.8,27.76,27.76,20600.0,572347.0
2024-01-02 10:09:00,27.76,27.76,27.7,27.7,28600.0,792852.0
2024-01-02 10:10:00,27.71,27.71,27.68,27.68,16700.0,461376.59375
2024-01-02 10:11:00,27.67,27.67,27.6,27.62,39400.0,1088823.0
2024-01-02 10:12:00,27.61,27.62,27.58,27.6,79300.0,2186033.0
2024-01-02 10:13:00,27.62,27.68,27.61,27.66,10000.0,276550.0
2024-01-02 10:14:00,27.68,27.72,27.66,27.71,27100.0,750372.9375
2024-01-02 10:15:00,27.7,27.76,27.7,27.71,8100.0,224518.0
2024-01-02 10:16:00,27.72,27.72,27.71,27.71,13500.0,374108.0
2024-01-02 10:17:00,27.72,27.76,27.72,27.75,6700.0,185843.0
2024-01-02 10:18:00,27.76,27.8,27.76,27.8,12400.0,344469.0
2024-01-02 10:19:00,27.8,27.82,27.76,27.79,13800.0,383787.0
2024-01-02 10:20:00,27.79,27.83,27.74,27.83,10700.0,297398.0
2024-01-02 10:21:00,27.83,27.85,27.83,27.83,5600.0,155874.0
2024-01-02 10:22:00,27.81,27.81,27.8,27.8,8900.0,247450.0
2024-01-02 10:23:00,27.81,27.81,27.77,27.77,4100.0,115150.6484375
2024-01-02 10:24:00,27.78,27.78,27.77,27.77,4400.0,120939.3515625
2024-01-02 10:25:00,27.77,27.78,27.75,27.78,7500.0,209433.65625
2024-01-02 10:26:00,27.79,27.84,27.76,27.77,7200.0,200163.0
2024-01-02 10:27:00,27.77,27.77,27.75,27.76,7200.0,199890.0
2024-01-02 10:28:00,27.77,27.78,27.75,27.78,4000.0,111067.0
2024-01-02 10:29:00,27.8,27.85,27.8,27.8,1800.0,50090.0
2024-01-02 10:30:00,27.8,27.82,27.8,27.8,8000.0,222427.0
2024-01-02 10:31:00,27.78,27.8,27.77,27.77,6400.0,177779.0
2024-01-02 10:32:00,27.77,27.77,27.74,27.76,10600.0,294220.0
2024-01-02 10:33:00,27.77,27.8,27.77,27.8,4700.0,130564.0
2024-01-02 10:34:00,27.8,27.8,27.77,27.77,3900.0,108390.0
2024-01-02 10:35:00,27.77,27.77,27.76,27.77,4900.0,136045.0
2024-01-02 10:36:00,27.76,27.79,27.76,27.77,4400.0,123014.796875
2024-01-02 10:37:00,27.77,27.77,27.75,27.75,8800.0,243446.203125
2024-01-02 10:38:00,27.74,27.74,27.72,27.73,19400.0,538108.0
2024-01-02 10:39:00,27.72,27.73,27.7,27.7,15800.0,437603.96875
2024-01-02 10:40:00,27.7,27.7,27.67,27.67,7000.0,193807.0
2024-01-02 10:41:00,27.66,27.69,27.65,27.69,12100.0,334208.3125
2024-01-02 10:42:00,27.66,27.7,27.66,27.7,4600.0,127356.0
2024-01-02 10:43:00,27.7,27.71,27.69,27.69,5700.0,157886.0
2024-01-02 10:44:00,27.7,27.7,27.69,27.69,7500.0,207903.828125
2024-01-02 10:45:00,27.69,27.69,27.69,27.69,1900.0,52417.171875
2024-01-02 10:46:00,27.69,27.69,27.68,27.69,8200.0,227249.828125
2024-01-02 10:47:00,27.7,27.7,27.69,27.69,2900.0,80109.171875
2024-01-02 10:48:00,27.68,27.68,27.66,27.66,19600.0,542395.0
2024-01-02 10:49:00,27.65,27.66,27.64,27.65,6600.0,182984.703125
2024-01-02 10:50:00,27.64,27.65,27.64,27.65,3200.0,88453.0
2024-01-02 10:51:00,27.64,27.67,27.64,27.64,14800.0,409207.375
2024-01-02 10:52:00,27.65,27.67,27.65,27.67,4500.0,124479.0
2024-01-02 10:53:00,27.67,27.68,27.65,27.68,4200.0,116177.1484375
2024-01-02 10:54:00,27.65,27.68,27.64,27.64,8400.0,232231.0
2024-01-02 10:55:00,27.64,27.65,27.63,27.63,16000.0,442155.25
2024-01-02 10:56:00,27.63,27.64,27.61,27.63,17700.0,488966.0
2024-01-02 10:57:00,27.62,27.64,27.6,27.62,20200.0,557746.25
2024-01-02 10:58:00,27.62,27.62,27.59,27.59,11500.0,317470.0
2024-01-02 10:59:00,27.59,27.64,27.59,27.64,9500.0,262240.0
2024-01-02 11:00:00,27.61,27.65,27.61,27.65,9600.0,264557.0
2024-01-02 11:01:00,27.65,27.68,27.63,27.68,13800.0,381740.5
2024-01-02 11:02:00,27.68,27.68,27.66,27.66,6100.0,168810.0
2024-01-02 11:03:00,27.66,27.69,27.64,27.69,18500.0,511685.15625
2024-01-02 11:04:00,27.69,27.7,27.66,27.7,6400.0,177161.0
2024-01-02 11:05:00,27.7,27.7,27.68,27.7,8700.0,240943.0
2024-01-02 11:06:00,27.7,27.75,27.69,27.75,26300.0,728528.5
2024-01-02 11:07:00,27.69,27.75,27.69,27.75,2800.0,77670.0
2024-01-02 11:08:00,27.71,27.75,27.71,27.75,10500.0,291179.0
2024-01-02 11:09:00,27.71,27.75,27.7,27.75,11200.0,310491.0
2024-01-02 11:10:00,27.71,27.75,27.69,27.75,13200.0,366069.0
2024-01-02 11:11:00,27.71,27.75,27.7,27.7,7400.0,205137.0
2024-01-02 11:12:00,27.69,27.76,27.69,27.76,93200.0,2586076.75
2024-01-02 11:13:00,27.76,27.82,27.71,27.82,9600.0,268208.625
2024-01-02 11:14:00,27.8,27.85,27.8,27.85,13800.0,383761.0
2024-01-02 11:15:00,27.85,27.86,27.8,27.86,4400.0,122523.0
2024-01-02 11:16:00,27.85,27.85,27.77,27.77,6300.0,175316.0
2024-01-02 11:17:00,27.77,27.86,27.77,27.86,3500.0,97442.0
2024-01-02 11:18:00,27.85,27.86,27.78,27.86,7300.0,203154.0
2024-01-02 11:19:00,27.86,27.86,27.79,27.86,9200.0,254212.203125
2024-01-02 11:20:00,27.8,27.86,27.79,27.86,6400.0,179994.5
2024-01-02 11:21:00,27.79,27.85,27.79,27.85,10900.0,303001.0
2024-01-02 11:22:00,27.79,27.85,27.74,27.85,14100.0,391863.0
2024-01-02 11:23:00,27.86,27.86,27.76,27.85,14000.0,389579.875
2024-01-02 11:24:00,27.84,27.85,27.76,27.76,6600.0,183520.0
2024-01-02 11:25:00,27.83,27.84,27.76,27.84,5200.0,144645.0
2024-01-02 11:26:00,27.85,27.85,27.75,27.83,4600.0,127900.0
2024-01-02 11:27:00,27.83,27.84,27.75,27.84,3100.0,86276.0
2024-01-02 11:28:00,27.85,27.85,27.75,27.84,16200.0,450933.0
2024-01-02 11:29:00,27.76,27.85,27.76,27.85,5300.0,147342.0
2024-01-02 11:30:00,27.76,27.85,27.76,27.77,5800.0,161250.0
2024-01-02 13:01:00,27.77,27.77,27.75,27.76,17500.0,485842.0
2024-01-02 13:02:00,27.76,27.85,27.76,27.85,5300.0,147303.0
2024-01-02 13:03:00,27.85,27.85,27.76,27.84,3600.0,100206.0
2024-01-02 13:04:00,27.77,27.85,27.77,27.85,4800.0,133516.0
2024-01-02 13:05:00,27.8,27.85,27.8,27.85,4100.0,114124.0
2024-01-02 13:06:00,27.8,27.85,27.77,27.85,6100.0,169709.0
2024-01-02 13:07:00,27.78,27.85,27.78,27.85,2200.0,61228.0
2024-01-02 13:08:00,27.85,27.86,27.79,27.86,4900.0,136461.5
2024-01-02 13:09:00,27.85,27.86,27.85,27.86,2900.0,80784.0
2024-01-02 13:10:00,27.78,27.86,27.78,27.86,9000.0,250377.0
2024-01-02 13:11:00,27.78,27.86,27.78,27.86,5700.0,158496.0
2024-01-02 13:12:00,27.86,27.86,27.82,27.85,4300.0,119700.0
2024-01-02 13:13:00,27.85,27.85,27.82,27.85,9600.0,267300.0
2024-01-02 13:14:00,27.8,27.85,27.8,27.85,3600.0,100203.0
2024-01-02 13:15:00,27.8,27.8,27.8,27.8,8900.0,247318.0
2024-01-02 13:16:00,27.79,27.84,27.79,27.84,2400.0,66756.0
2024-01-02 13:17:00,27.79,27.96,27.79,27.96,60500.0,1685260.5
2024-01-02 13:18:00,27.96,28.22,27.96,28.21,182200.0,5118741.5
2024-01-02 13:19:00,28.12,28.21,28.09,28.17,39600.0,1115783.75
2024-01-02 13:20:00,28.17,28.17,28.1,28.15,20900.0,588045.0
2024-01-02 13:21:00,28.12,28.15,28.12,28.13,15200.0,427654.0
2024-01-02 13:22:00,28.1,28.1,28.02,28.06,32900.0,924007.0
2024-01-02 13:23:00,28.02,28.09,28.01,28.09,9400.0,263652.0
2024-01-02 13:24:00,28.08,28.14,28.08,28.13,19700.0,553557.0
2024-01-02 13:25:00,28.14,28.14,28.07,28.08,33200.0,933029.0
2024-01-02 13:26:00,28.06,28.08,28.03,28.08,8800.0,246884.0
2024-01-02 13:27:00,28.09,28.15,28.07,28.15,48600.0,1366700.0
2024-01-02 13:28:00,28.15,28.16,28.14,28.14,29600.0,833175.125
2024-01-02 13:29:00,28.14,28.14,28.08,28.12,14800.0,415972.0
2024-01-02 13:30:00,28.12,28.12,28.09,28.12,11200.0,314738.0
2024-01-02 13:31:00,28.11,28.12,28.09,28.11,6800.0,191125.0
2024-01-02 13:32:00,28.09,28.1,28.08,28.1,9200.0,258459.296875
2024-01-02 13:33:00,28.09,28.1,28.08,28.09,10300.0,289305.0
2024-01-02 13:34:00,28.09,28.1,28.08,28.1,3200.0,89903.0
2024-01-02 13:35:00,28.08,28.1,28.07,28.1,9700.0,272373.0
2024-01-02 13:36:00,28.08,28.1,28.08,28.1,6600.0,185416.0
2024-01-02 13:37:00,28.11,28.11,28.1,28.11,8300.0,233278.8125
2024-01-02 13:38:00,28.11,28.15,28.11,28.15,30000.0,843572.8125
2024-01-02 13:39:00,28.15,28.16,28.15,28.15,30800.0,868306.75
2024-01-02 13:40:00,28.15,28.15,28.1,28.11,15300.0,430440.03125
2024-01-02 13:41:00,28.15,28.15,28.11,28.13,4500.0,126622.0
2024-01-02 13:42:00,28.14,28.17,28.14,28.17,27000.0,760297.0
2024-01-02 13:43:00,28.17,28.18,28.16,28.17,18100.0,509905.0
2024-01-02 13:44:00,28.18,28.18,28.17,28.17,11000.0,309930.0
2024-01-02 13:45:00,28.17,28.17,28.13,28.16,10500.0,295630.0
2024-01-02 13:46:00,28.13,28.15,28.13,28.15,10000.0,281460.0
2024-01-02 13:47:00,28.16,28.16,28.13,28.13,9100.0,256178.0
2024-01-02 13:48:00,28.13,28.14,28.13,28.13,7000.0,196941.0
2024-01-02 13:49:00,28.14,28.14,28.13,28.14,4300.0,120969.0
2024-01-02 13:50:00,28.14,28.14,28.12,28.12,2600.0,73121.0
2024-01-02 13:51:00,28.12,28.12,28.12,28.12,1700.0,47804.0
2024-01-02 13:52:00,28.12,28.12,28.1,28.1,9000.0,251942.5
2024-01-02 13:53:00,28.09,28.09,28.01,28.01,20500.0,576407.5625
2024-01-02 13:54:00,28.01,28.01,27.97,27.97,14500.0,404203.40625
2024-01-02 13:55:00,27.98,28.0,27.97,28.0,6200.0,173472.0
2024-01-02 13:56:00,27.98,27.98,27.96,27.96,12200.0,341267.0
2024-01-02 13:57:00,27.96,27.96,27.9,27.9,17900.0,499785.0
2024-01-02 13:58:00,27.9,27.92,27.9,27.92,5200.0,146683.5
2024-01-02 13:59:00,27.88,27.88,27.87,27.88,32600.0,909021.875
2024-01-02 14:00:00,27.87,27.96,27.87,27.96,5600.0,155004.609375
2024-01-02 14:01:00,27.95,27.95,27.9,27.95,1100.0,30716.0
2024-01-02 14:02:00,27.95,27.95,27.95,27.95,800.0,22360.0
2024-01-02 14:03:00,27.95,27.97,27.95,27.97,5700.0,160364.59375
2024-01-02 14:04:00,27.98,28.0,27.95,27.97,5500.0,153887.65625
2024-01-02 14:05:00,27.96,27.96,27.95,27.95,8800.0,245962.0
2024-01-02 14:06:00,27.95,27.96,27.95,27.95,2500.0,68902.75
2024-01-02 14:07:00,27.93,27.95,27.93,27.95,1800.0,51280.25
2024-01-02 14:08:00,27.95,27.97,27.95,27.95,4300.0,120189.0
2024-01-02 14:09:00,27.96,27.96,27.95,27.96,1200.0,33546.0
2024-01-02 14:10:00,27.96,27.96,27.95,27.95,4300.0,120222.0
2024-01-02 14:11:00,27.95,27.95,27.95,27.95,1300.0,35356.75
2024-01-02 14:12:00,27.95,27.95,27.94,27.94,3100.0,86635.0
2024-01-02 14:13:00,27.94,27.94,27.93,27.94,3600.0,100553.0
2024-01-02 14:14:00,27.94,27.95,27.94,27.95,2700.0,76439.25
2024-01-02 14:15:00,27.95,27.99,27.95,27.99,4800.0,134251.0
2024-01-02 14:16:00,27.98,27.99,27.98,27.99,2600.0,72771.0
2024-01-02 14:17:00,27.99,27.99,27.99,27.99,800.0,22392.0
2024-01-02 14:18:00,27.99,27.99,27.98,27.98,11800.0,330260.0
2024-01-02 14:19:00,27.98,27.99,27.97,27.97,7300.0,204263.0
2024-01-02 14:20:00,27.98,27.98,27.97,27.97,1500.0,41970.0
2024-01-02 14:21:00,27.97,27.97,27.96,27.97,5100.0,142085.59375
2024-01-02 14:22:00,27.98,27.98,27.98,27.98,2800.0,78341.0
2024-01-02 14:23:00,27.97,27.98,27.97,27.97,6000.0,168382.1875
2024-01-02 14:24:00,27.97,27.98,27.97,27.98,2800.0,78319.0
2024-01-02 14:25:00,27.97,27.97,27.93,27.95,20000.0,558049.75
2024-01-02 14:26:00,27.95,27.95,27.94,27.94,8300.0,231972.0
2024-01-02 14:27:00,27.94,27.94,27.93,27.93,2800.0,78220.0
2024-01-02 14:28:00,27.93,27.93,27.91,27.92,26600.0,742781.0
2024-01-02 14:29:00,27.91,27.92,27.91,27.91,9200.0,256775.0
2024-01-02 14:30:00,27.9,27.91,27.9,27.9,4000.0,111608.0
2024-01-02 14:31:00,27.91,27.95,27.9,27.95,24000.0,669672.5625
2024-01-02 14:32:00,27.93,27.95,27.92,27.95,38100.0,1065668.25
2024-01-02 14:33:00,27.95,28.03,27.95,28.0,14700.0,410763.0
2024-01-02 14:34:00,28.03,28.09,28.03,28.09,11300.0,318629.5
2024-01-02 14:35:00,28.09,28.09,28.04,28.04,8100.0,225989.5
2024-01-02 14:36:00,28.04,28.08,28.04,28.06,24500.0,689013.5
2024-01-02 14:37:00,28.09,28.28,28.09,28.28,143900.0,4053897.0
2024-01-02 14:38:00,28.27,28.44,28.27,28.41,107700.0,3056944.0
2024-01-02 14:39:00,28.41,28.41,28.25,28.25,88100.0,2494631.5
2024-01-02 14:40:00,28.25,28.36,28.24,28.36,68700.0,1942095.875
2024-01-02 14:41:00,28.36,28.36,28.3,28.31,51500.0,1459179.25
2024-01-02 14:42:00,28.28,28.3,28.25,28.26,35600.0,1006600.75
2024-01-02 14:43:00,28.29,28.29,28.28,28.28,30100.0,851657.8125
2024-01-02 14:44:00,28.28,28.29,28.27,28.28,23900.0,675588.1875
2024-01-02 14:45:00,28.27,28.28,28.25,28.25,57600.0,1629156.25
2024-01-02 14:46:00,28.25,28.26,28.21,28.21,35500.0,1001378.75
2024-01-02 14:47:00,28.23,28.23,28.22,28.22,19000.0,536460.1875
2024-01-02 14:48:00,28.22,28.25,28.22,28.25,28900.0,815824.0
2024-01-02 14:49:00,28.24,28.25,28.22,28.22,22500.0,635278.0
2024-01-02 14:50:00,28.23,28.24,28.22,28.23,32500.0,917509.0
2024-01-02 14:51:00,28.22,28.23,28.22,28.23,41300.0,1165741.0
2024-01-02 14:52:00,28.22,28.23,28.21,28.21,32000.0,902852.6875
2024-01-02 14:53:00,28.22,28.23,28.21,28.22,45200.0,1275668.0
2024-01-02 14:54:00,28.22,28.26,28.22,28.26,78600.0,2218636.75
2024-01-02 14:55:00,28.26,28.28,28.26,28.28,46800.0,1325191.75
2024-01-02 14:56:00,28.28,28.28,28.26,28.28,83400.0,2356753.0
2024-01-02 14:57:00,28.27,28.28,28.26,28.26,62400.0,1765461.625
2024-01-02 14:58:00,28.28,28.28,28.28,28.28,4300.0,121591.0
2024-01-02 14:59:00,28.28,28.28,28.28,28.28,0.0,0.0
2024-01-02 15:00:00,28.28,28.28,28.28,28.28,81400.0,2301992.0
2024-01-03 09:31:00,28.2,28.2,27.8,27.85,118600.0,3313595.25
2024-01-03 09:32:00,27.86,27.86,27.61,27.79,109400.0,3036446.25
2024-01-03 09:33:00,27.77,27.86,27.77,27.86,37400.0,1039374.4375
2024-01-03 09:34:00,27.87,27.88,27.81,27.81,52400.0,1460479.25
2024-01-03 09:35:00,27.81,27.85,27.79,27.85,36800.0,1022422.625
2024-01-03 09:36:00,27.85,27.98,27.85,27.98,24100.0,672594.375
2024-01-03 09:37:00,27.97,28.0,27.96,27.99,36000.0,1005842.125
2024-01-03 09:38:00,27.99,27.99,27.85,27.85,50500.0,1412043.875
2024-01-03 09:39:00,27.85,27.92,27.85,27.92,15400.0,429525.0
2024-01-03 09:40:00,27.92,27.92,27.88,27.88,30100.0,839860.0
2024-01-03 09:41:00,27.85,27.88,27.84,27.84,50300.0,1401293.0
2024-01-03 09:42:00,27.8,27.8,27.7,27.7,91900.0,2550217.5
2024-01-03 09:43:00,27.7,27.73,27.63,27.65,81600.0,2257530.0
2024-01-03 09:44:00,27.66,27.69,27.65,27.66,61800.0,1709328.0
2024-01-03 09:45:00,27.65,27.65,27.46,27.48,146000.0,4023620.25
2024-01-03 09:46:00,27.48,27.48,27.43,27.48,97300.0,2671961.0
2024-01-03 09:47:00,27.48,27.53,27.45,27.5,57500.0,1580728.625
2024-01-03 09:48:00,27.5,27.53,27.48,27.52,39200.0,1078145.0
2024-01-03 09:49:00,27.53,27.57,27.51,27.51,46400.0,1277514.0
2024-01-03 09:50:00,27.51,27.51,27.5,27.51,35400.0,973702.0
2024-01-03 09:51:00,27.5,27.51,27.5,27.51,24200.0,665629.0
2024-01-03 09:52:00,27.52,27.52,27.36,27.36,145400.0,3988150.5
2024-01-03 09:53:00,27.34,27.36,27.28,27.28,95600.0,2610371.5
2024-01-03 09:54:00,27.29,27.34,27.28,27.32,60000.0,1638604.75
2024-01-03 09:55:00,27.32,27.32,27.29,27.29,73700.0,2011762.375
2024-01-03 09:56:00,27.29,27.3,27.23,27.25,90300.0,2462217.25
2024-01-03 09:57:00,27.25,27.27,27.24,27.26,47600.0,1297357.25
2024-01-03 09:58:00,27.26,27.28,27.26,27.28,33800.0,921091.0
2024-01-03 09:59:00,27.29,27.3,27.28,27.3,43500.0,1187165.0
2024-01-03 10:00:00,27.3,27.34,27.29,27.34,39000.0,1067420.75
2024-01-03 10:01:00,27.3,27.3,27.27,27.27,49500.0,1349518.125
2024-01-03 10:02:00,27.29,27.29,27.1,27.11,158100.0,4304385.5
2024-01-03 10:03:00,27.11,27.11,27.01,27.04,110500.0,2988938.0
2024-01-03 10:04:00,27.1,27.15,27.04,27.14,89300.0,2418281.5
2024-01-03 10:05:00,27.14,27.18,27.14,27.16,25000.0,678808.0
2024-01-03 10:06:00,27.16,27.19,27.16,27.17,30300.0,823318.0
2024-01-03 10:07:00,27.19,27.19,27.14,27.14,31500.0,855438.0
2024-01-03 10:08:00,27.14,27.17,27.1,27.15,44800.0,1214908.0
2024-01-03 10:09:00,27.12,27.17,27.12,27.16,17100.0,464258.0
2024-01-03 10:10:00,27.17,27.19,27.17,27.18,14200.0,385391.78125
2024-01-03 10:11:00,27.18,27.2,27.18,27.2,8700.0,236547.0
2024-01-03 10:12:00,27.21,27.25,27.21,27.25,17100.0,467152.125
2024-01-03 10:13:00,27.26,27.33,27.26,27.33,21300.0,581533.625
2024-01-03 10:14:00,27.34,27.35,27.3,27.31,34800.0,950922.6875
2024-01-03 10:15:00,27.32,27.33,27.29,27.29,17900.0,488830.40625
2024-01-03 10:16:00,27.28,27.28,27.25,27.28,8800.0,239912.0
2024-01-03 10:17:00,27.29,27.29,27.26,27.28,7000.0,191000.0
2024-01-03 10:18:00,27.28,27.29,27.25,27.29,14900.0,406236.0
2024-01-03 10:19:00,27.29,27.29,27.25,27.25,6700.0,181130.75
2024-01-03 10:20:00,27.25,27.25,27.16,27.16,24000.0,652601.0
2024-01-03 10:21:00,27.19,27.19,27.16,27.16,15300.0,417185.125
2024-01-03 10:22:00,27.16,27.19,27.15,27.19,17300.0,468345.1875
2024-01-03 10:23:00,27.17,27.2,27.17,27.2,8600.0,235922.234375
2024-01-03 10:24:00,27.22,27.29,27.22,27.29,9600.0,261583.0
2024-01-03 10:25:00,27.26,27.4,27.26,27.4,40100.0,1094215.75
2024-01-03 10:26:00,27.4,27.43,27.35,27.4,43500.0,1192531.0
2024-01-03 10:27:00,27.39,27.41,27.39,27.41,7700.0,210995.0
2024-01-03 10:28:00,27.44,27.45,27.41,27.43,23600.0,647386.0
2024-01-03 10:29:00,27.43,27.47,27.43,27.47,24400.0,669702.0
2024-01-03 10:30:00,27.47,27.51,27.47,27.51,26400.0,725691.0
2024-01-03 10:31:00,27.51,27.51,27.46,27.47,21200.0,582914.0
2024-01-03 10:32:00,27.46,27.46,27.44,27.44,11800.0,323940.0
2024-01-03 10:33:00,27.45,27.46,27.44,27.46,17400.0,477581.0
2024-01-03 10:34:00,27.46,27.47,27.46,27.47,4000.0,109865.0
2024-01-03 10:35:00,27.47,27.47,27.46,27.47,2600.0,71421.0
2024-01-03 10:36:00,27.47,27.49,27.46,27.49,8300.0,228107.0
2024-01-03 10:37:00,27.49,27.49,27.46,27.46,31000.0,851046.0
2024-01-03 10:38:00,27.46,27.48,27.43,27.48,15000.0,411761.5
2024-01-03 10:39:00,27.49,27.5,27.47,27.5,15500.0,426023.40625
2024-01-03 10:40:00,27.47,27.47,27.41,27.42,4300.0,117954.0
2024-01-03 10:41:00,27.41,27.42,27.35,27.35,15500.0,424636.0
2024-01-03 10:42:00,27.34,27.35,27.3,27.35,28900.0,790165.0
2024-01-03 10:43:00,27.31,27.35,27.31,27.35,2700.0,73828.0
2024-01-03 10:44:00,27.32,27.32,27.28,27.32,17800.0,485897.0
2024-01-03 10:45:00,27.27,27.35,27.25,27.35,7500.0,204652.0
2024-01-03 10:46:00,27.34,27.36,27.29,27.3,8800.0,240304.0
2024-01-03 10:47:00,27.36,27.41,27.36,27.41,3600.0,98636.0
2024-01-03 10:48:00,27.41,27.46,27.41,27.46,7600.0,208411.0
2024-01-03 10:49:00,27.42,27.45,27.4,27.43,3200.0,87755.0
2024-01-03 10:50:00,27.44,27.44,27.4,27.43,7700.0,211039.0
2024-01-03 10:51:00,27.4,27.44,27.4,27.44,4500.0,123384.0
2024-01-03 10:52:00,27.44,27.44,27.43,27.44,10700.0,293584.0
2024-01-03 10:53:00,27.41,27.41,27.41,27.41,5500.0,150785.0
2024-01-03 10:54:00,27.4,27.4,27.36,27.36,8300.0,227350.0
2024-01-03 10:55:00,27.36,27.36,27.36,27.36,3700.0,101232.0
2024-01-03 10:56:00,27.35,27.35,27.3,27.3,13800.0,376988.0
2024-01-03 10:57:00,27.3,27.36,27.3,27.36,6600.0,180320.0
2024-01-03 10:58:00,27.38,27.38,27.3,27.38,6900.0,188627.0
2024-01-03 10:59:00,27.36,27.38,27.3,27.38,5400.0,148818.5
2024-01-03 11:00:00,27.38,27.39,27.33,27.34,3800.0,103982.0
2024-01-03 11:01:00,27.34,27.39,27.32,27.32,5800.0,158600.0
2024-01-03 11:02:00,27.32,27.38,27.32,27.38,10800.0,295237.0
2024-01-03 11:03:00,27.38,27.38,27.33,27.33,7700.0,210594.0
2024-01-03 11:04:00,27.33,27.37,27.32,27.37,10100.0,276024.0
2024-01-03 11:05:00,27.37,27.38,27.34,27.38,3400.0,93080.703125
2024-01-03 11:06:00,27.39,27.4,27.35,27.35,5000.0,136927.703125
2024-01-03 11:07:00,27.35,27.35,27.35,27.35,4700.0,128545.0
2024-01-03 11:08:00,27.4,27.41,27.4,27.41,2600.0,71249.703125
2024-01-03 11:09:00,27.37,27.37,27.36,27.37,7300.0,199001.203125
2024-01-03 11:10:00,27.36,27.37,27.36,27.36,4900.0,134892.796875
2024-01-03 11:11:00,27.36,27.36,27.32,27.32,16200.0,442992.0
2024-01-03 11:12:00,27.32,27.32,27.28,27.28,22900.0,623772.5
2024-01-03 11:13:00,27.27,27.39,27.27,27.29,10600.0,289760.0
2024-01-03 11:14:00,27.38,27.38,27.38,27.38,1600.0,43794.0
2024-01-03 11:15:00,27.3,27.37,27.3,27.37,1900.0,50629.0
2024-01-03 11:16:00,27.31,27.39,27.3,27.34,14200.0,388397.0
2024-01-03 11:17:00,27.34,27.39,27.34,27.39,5900.0,161468.0
2024-01-03 11:18:00,27.34,27.37,27.34,27.37,4900.0,134032.0
2024-01-03 11:19:00,27.38,27.38,27.1,27.1,105200.0,2861887.5
2024-01-03 11:20:00,27.15,27.15,27.07,27.07,55200.0,1495024.875
2024-01-03 11:21:00,27.08,27.18,27.06,27.17,21400.0,582160.9375
2024-01-03 11:22:00,27.11,27.18,27.11,27.12,21700.0,587214.9375
2024-01-03 11:23:00,27.21,27.21,27.12,27.16,9900.0,268720.0
2024-01-03 11:24:00,27.16,27.21,27.1,27.1,49400.0,1342453.625
2024-01-03 11:25:00,27.1,27.21,27.1,27.11,30400.0,825046.0
2024-01-03 11:26:00,27.21,27.21,27.1,27.1,27700.0,751386.0
2024-01-03 11:27:00,27.1,27.26,27.1,27.11,17200.0,466552.0
2024-01-03 11:28:00,27.1,27.2,27.1,27.11,21900.0,593868.0
2024-01-03 11:29:00,27.11,27.28,27.11,27.14,6300.0,171173.0
2024-01-03 11:30:00,27.12,27.23,27.11,27.12,8800.0,238749.0
2024-01-03 13:01:00,27.22,27.27,27.13,27.27,34700.0,942415.0
2024-01-03 13:02:00,27.14,27.27,27.12,27.18,19600.0,531903.0
2024-01-03 13:03:00,27.15,27.2,27.15,27.2,9000.0,244542.0
2024-01-03 13:04:00,27.15,27.25,27.15,27.25,7500.0,203881.0
2024-01-03 13:05:00,27.16,27.26,27.16,27.26,3000.0,81602.0
2024-01-03 13:06:00,27.25,27.25,27.17,27.17,4100.0,111532.0
2024-01-03 13:07:00,27.16,27.16,27.11,27.16,14500.0,393623.0
2024-01-03 13:08:00,27.16,27.16,27.1,27.13,17000.0,460900.0
2024-01-03 13:09:00,27.12,27.2,27.12,27.14,12200.0,331348.0
2024-01-03 13:10:00,27.12,27.2,27.12,27.2,25300.0,687686.0
2024-01-03 13:11:00,27.13,27.2,27.13,27.2,6200.0,168329.0
2024-01-03 13:12:00,27.13,27.2,27.13,27.2,4500.0,122202.0
2024-01-03 13:13:00,27.18,27.2,27.14,27.19,3700.0,100497.0
2024-01-03 13:14:00,27.14,27.14,27.13,27.14,5500.0,149309.0
2024-01-03 13:15:00,27.13,27.14,27.12,27.13,8000.0,217025.0
2024-01-03 13:16:00,27.15,27.19,27.12,27.15,4200.0,114007.0
2024-01-03 13:17:00,27.12,27.2,27.11,27.12,16000.0,434530.0
2024-01-03 13:18:00,27.11,27.12,27.1,27.11,8300.0,225005.0
2024-01-03 13:19:00,27.1,27.11,27.09,27.1,6700.0,181566.0
2024-01-03 13:20:00,27.1,27.1,27.06,27.07,32100.0,869178.0
2024-01-03 13:21:00,27.1,27.11,27.06,27.11,15500.0,419764.8125
2024-01-03 13:22:00,27.12,27.19,27.12,27.18,9900.0,266682.1875
2024-01-03 13:23:00,27.18,27.2,27.08,27.08,61400.0,1669075.625
2024-01-03 13:24:00,27.08,27.12,27.06,27.08,21600.0,584924.0
2024-01-03 13:25:00,27.08,27.15,27.08,27.1,24900.0,672747.0
2024-01-03 13:26:00,27.1,27.1,27.05,27.05,52700.0,1426455.375
2024-01-03 13:27:00,27.08,27.1,27.05,27.09,13500.0,365500.0
2024-01-03 13:28:00,27.05,27.13,27.0,27.13,154500.0,4176272.75
2024-01-03 13:29:00,27.1,27.19,27.08,27.19,18200.0,494043.0
2024-01-03 13:30:00,27.13,27.18,27.13,27.18,9600.0,260661.0
2024-01-03 13:31:00,27.16,27.19,27.15,27.18,17200.0,467335.0
2024-01-03 13:32:00,27.17,27.17,27.08,27.13,29300.0,795048.0
2024-01-03 13:33:00,27.13,27.2,27.08,27.2,6600.0,179338.0
2024-01-03 13:34:00,27.19,27.25,27.19,27.25,11000.0,299365.0
2024-01-03 13:35:00,27.25,27.25,27.2,27.25,10300.0,280591.0
2024-01-03 13:36:00,27.27,27.3,27.26,27.3,34700.0,946499.0
2024-01-03 13:37:00,27.3,27.35,27.29,27.35,26700.0,729121.0
2024-01-03 13:38:00,27.38,27.38,27.33,27.37,26100.0,713826.0
2024-01-03 13:39:00,27.33,27.37,27.33,27.36,18700.0,511514.0
2024-01-03 13:40:00,27.35,27.38,27.35,27.37,27400.0,749922.0
2024-01-03 13:41:00,27.37,27.38,27.33,27.38,23100.0,632136.0
2024-01-03 13:42:00,27.36,27.4,27.33,27.4,11900.0,325349.6875
2024-01-03 13:43:00,27.4,27.4,27.38,27.39,18000.0,492884.0
2024-01-03 13:44:00,27.38,27.39,27.29,27.34,16200.0,443049.40625
2024-01-03 13:45:00,27.29,27.29,27.17,27.17,52500.0,1430366.875
2024-01-03 13:46:00,27.2,27.2,27.14,27.2,12000.0,326224.0
2024-01-03 13:47:00,27.16,27.2,27.16,27.2,6400.0,174052.0
2024-01-03 13:48:00,27.18,27.2,27.15,27.2,9100.0,247400.0
2024-01-03 13:49:00,27.15,27.2,27.15,27.2,4000.0,108776.0
2024-01-03 13:50:00,27.2,27.29,27.16,27.29,16300.0,443198.09375
2024-01-03 13:51:00,27.32,27.33,27.28,27.33,5600.0,153113.0
2024-01-03 13:52:00,27.32,27.33,27.28,27.28,3900.0,106490.0
2024-01-03 13:53:00,27.28,27.29,27.22,27.24,5300.0,144507.0
2024-01-03 13:54:00,27.23,27.3,27.23,27.3,3600.0,98200.296875
2024-01-03 13:55:00,27.25,27.3,27.25,27.3,6000.0,163611.0
2024-01-03 13:56:00,27.26,27.3,27.22,27.3,17500.0,477043.0
2024-01-03 13:57:00,27.22,27.3,27.22,27.3,3900.0,106360.0
2024-01-03 13:58:00,27.3,27.33,27.23,27.33,12500.0,341142.65625
2024-01-03 13:59:00,27.3,27.35,27.23,27.35,5400.0,148482.703125
2024-01-03 14:00:00,27.35,27.35,27.23,27.35,4800.0,131153.0
2024-01-03 14:01:00,27.23,27.31,27.23,27.31,9400.0,256189.0
2024-01-03 14:02:00,27.22,27.26,27.2,27.26,14900.0,404805.1875
2024-01-03 14:03:00,27.26,27.31,27.25,27.31,5100.0,140093.703125
2024-01-03 14:04:00,27.26,27.31,27.21,27.31,5100.0,139068.0
2024-01-03 14:05:00,27.31,27.31,27.31,27.31,4000.0,109216.0
2024-01-03 14:06:00,27.31,27.31,27.27,27.27,4300.0,117308.0
2024-01-03 14:07:00,27.27,27.31,27.27,27.31,8400.0,229234.0
2024-01-03 14:08:00,27.3,27.32,27.27,27.32,7600.0,207450.0
2024-01-03 14:09:00,27.28,27.31,27.27,27.31,4100.0,111894.0
2024-01-03 14:10:00,27.31,27.32,27.3,27.3,5300.0,144741.0
2024-01-03 14:11:00,27.3,27.32,27.28,27.32,4700.0,128368.0
2024-01-03 14:12:00,27.28,27.33,27.27,27.33,6900.0,188382.0
2024-01-03 14:13:00,27.35,27.35,27.29,27.29,11000.0,300554.0
2024-01-03 14:14:00,27.28,27.28,27.27,27.27,6100.0,166362.0
2024-01-03 14:15:00,27.27,27.28,27.27,27.28,4300.0,117268.0
2024-01-03 14:16:00,27.26,27.26,27.23,27.23,2100.0,57217.0
2024-01-03 14:17:00,27.25,27.25,27.21,27.22,6500.0,176978.0
2024-01-03 14:18:00,27.21,27.23,27.17,27.18,11100.0,301941.0
2024-01-03 14:19:00,27.17,27.18,27.15,27.18,11000.0,298797.0
2024-01-03 14:20:00,27.2,27.2,27.19,27.2,7000.0,190380.0
2024-01-03 14:21:00,27.2,27.34,27.19,27.34,15900.0,433030.0
2024-01-03 14:22:00,27.33,27.37,27.33,27.37,21000.0,574301.0
2024-01-03 14:23:00,27.35,27.39,27.35,27.35,31300.0,856800.0
2024-01-03 14:24:00,27.31,27.35,27.31,27.33,1700.0,46471.0
2024-01-03 14:25:00,27.31,27.33,27.3,27.31,24500.0,668900.0
2024-01-03 14:26:00,27.3,27.32,27.3,27.3,9100.0,248448.0
2024-01-03 14:27:00,27.3,27.35,27.3,27.35,7400.0,202120.0
2024-01-03 14:28:00,27.34,27.37,27.34,27.37,6200.0,169566.0
2024-01-03 14:29:00,27.37,27.37,27.3,27.34,9200.0,251465.0
2024-01-03 14:30:00,27.34,27.41,27.34,27.41,51600.0,1412899.0
2024-01-03 14:31:00,27.41,27.42,27.34,27.34,39400.0,1080584.0
2024-01-03 14:32:00,27.34,27.43,27.34,27.41,18300.0,501689.0
2024-01-03 14:33:00,27.4,27.44,27.4,27.44,18400.0,504687.0
2024-01-03 14:34:00,27.43,27.53,27.43,27.52,75500.0,2075444.0
2024-01-03 14:35:00,27.53,27.53,27.52,27.52,38000.0,1045985.0
2024-01-03 14:36:00,27.52,27.54,27.52,27.53,24800.0,682765.0
2024-01-03 14:37:00,27.53,27.54,27.5,27.5,65800.0,1811412.0
2024-01-03 14:38:00,27.49,27.52,27.49,27.52,16600.0,455549.0
2024-01-03 14:39:00,27.51,27.53,27.51,27.52,13200.0,363222.0
2024-01-03 14:40:00,27.51,27.53,27.51,27.53,39300.0,1081514.75
2024-01-03 14:41:00,27.53,27.61,27.53,27.61,24800.0,683729.75
2024-01-03 14:42:00,27.61,27.65,27.61,27.63,25300.0,698920.0
2024-01-03 14:43:00,27.63,27.67,27.56,27.56,98700.0,2727044.0
2024-01-03 14:44:00,27.56,27.66,27.56,27.65,31100.0,858683.25
2024-01-03 14:45:00,27.65,27.66,27.65,27.65,22700.0,627862.0
2024-01-03 14:46:00,27.65,27.66,27.65,27.65,29500.0,815879.0
2024-01-03 14:47:00,27.61,27.64,27.6,27.6,25100.0,693597.0
2024-01-03 14:48:00,27.6,27.61,27.57,27.6,38000.0,1048779.0
2024-01-03 14:49:00,27.58,27.6,27.57,27.57,33000.0,908924.5
2024-01-03 14:50:00,27.57,27.6,27.55,27.57,60900.0,1681295.5
2024-01-03 14:51:00,27.55,27.57,27.55,27.55,12700.0,349979.0
2024-01-03 14:52:00,27.56,27.61,27.55,27.6,43800.0,1206214.0
2024-01-03 14:53:00,27.61,27.62,27.6,27.62,32100.0,888142.375
2024-01-03 14:54:00,27.62,27.62,27.6,27.6,27200.0,748970.625
2024-01-03 14:55:00,27.6,27.6,27.56,27.56,21200.0,584419.0
2024-01-03 14:56:00,27.55,27.55,27.48,27.48,18300.0,503457.0
2024-01-03 14:57:00,27.44,27.46,27.37,27.37,33300.0,912228.0
2024-01-03 14:58:00,27.36,27.36,27.36,27.36,3200.0,87583.0
2024-01-03 14:59:00,27.36,27.36,27.36,27.36,0.0,0.0
2024-01-03 15:00:00,27.36,27.36,27.36,27.36,85400.0,2336544.0
2024-01-04 09:31:00,27.29,27.29,27.11,27.12,70000.0,1905282.0
2024-01-04 09:32:00,27.11,27.11,27.06,27.11,44700.0,1210502.0
2024-01-04 09:33:00,27.13,27.15,27.08,27.1,22800.0,618104.0
2024-01-04 09:34:00,27.09,27.09,27.05,27.06,42900.0,1161316.875
2024-01-04 09:35:00,27.05,27.07,27.05,27.05,37200.0,1007378.75
2024-01-04 09:36:00,27.07,27.07,27.01,27.01,66700.0,1802649.5
2024-01-04 09:37:00,27.01,27.07,27.01,27.05,53800.0,1455005.25
2024-01-04 09:38:00,27.05,27.05,27.04,27.04,20300.0,548284.8125
2024-01-04 09:39:00,27.04,27.04,27.01,27.01,27700.0,748732.875
2024-01-04 09:40:00,27.01,27.01,26.83,26.88,94500.0,2544828.25
2024-01-04 09:41:00,26.88,26.96,26.88,26.92,57700.0,1551890.0
2024-01-04 09:42:00,26.92,26.94,26.88,26.88,32000.0,861205.875
2024-01-04 09:43:00,26.85,26.85,26.75,26.8,157700.0,4223860.0
2024-01-04 09:44:00,26.8,26.81,26.75,26.75,139500.0,3736666.75
2024-01-04 09:45:00,26.75,26.83,26.75,26.83,60900.0,1630289.625
2024-01-04 09:46:00,26.83,26.85,26.81,26.82,18900.0,507131.0
2024-01-04 09:47:00,26.85,26.87,26.83,26.83,23500.0,630699.0
2024-01-04 09:48:00,26.83,26.89,26.81,26.87,60800.0,1631299.0
2024-01-04 09:49:00,26.83,26.95,26.83,26.93,11500.0,309251.0
2024-01-04 09:50:00,26.93,26.98,26.93,26.98,13100.0,352963.0
2024-01-04 09:51:00,26.98,27.04,26.96,27.04,47600.0,1284420.0
2024-01-04 09:52:00,27.03,27.03,26.98,26.98,23700.0,640082.0
2024-01-04 09:53:00,26.98,27.03,26.98,27.0,37700.0,1017149.375
2024-01-04 09:54:00,27.0,27.05,27.0,27.04,24000.0,648439.0
2024-01-04 09:55:00,27.05,27.07,27.04,27.07,6500.0,175524.5625
2024-01-04 09:56:00,27.07,27.07,27.01,27.01,11900.0,322573.84375
2024-01-04 09:57:00,27.01,27.04,27.0,27.0,8300.0,223915.203125
2024-01-04 09:58:00,27.01,27.03,27.01,27.01,5200.0,140476.0
2024-01-04 09:59:00,27.0,27.02,26.99,27.02,17200.0,464407.8125
2024-01-04 10:00:00,27.01,27.03,27.01,27.02,6600.0,178325.0
2024-01-04 10:01:00,27.02,27.1,27.02,27.07,16600.0,449298.9375
2024-01-04 10:02:00,27.07,27.07,27.05,27.07,20900.0,565659.0
2024-01-04 10:03:00,27.1,27.1,27.08,27.09,5100.0,138155.0
2024-01-04 10:04:00,27.1,27.13,27.1,27.13,11700.0,317141.0
2024-01-04 10:05:00,27.14,27.17,27.14,27.15,9100.0,247065.0
2024-01-04 10:06:00,27.14,27.16,27.13,27.14,14500.0,393568.0
2024-01-04 10:07:00,27.14,27.14,27.12,27.13,15300.0,415059.0
2024-01-04 10:08:00,27.14,27.15,27.13,27.15,6400.0,173668.0
2024-01-04 10:09:00,27.14,27.15,27.12,27.14,9500.0,257745.0
2024-01-04 10:10:00,27.12,27.13,27.07,27.08,15900.0,430425.0
2024-01-04 10:11:00,27.08,27.12,27.07,27.07,16300.0,441671.0
2024-01-04 10:12:00,27.03,27.12,27.03,27.05,43700.0,1183091.0
2024-01-04 10:13:00,27.05,27.09,27.01,27.09,24900.0,673675.625
2024-01-04 10:14:00,27.12,27.14,27.12,27.12,14800.0,400238.40625
2024-01-04 10:15:00,27.11,27.13,27.11,27.12,6700.0,181665.0
2024-01-04 10:16:00,27.12,27.15,27.1,27.15,10500.0,285135.40625
2024-01-04 10:17:00,27.15,27.15,27.14,27.14,4500.0,122143.0
2024-01-04 10:18:00,27.14,27.15,27.13,27.14,8900.0,241548.0
2024-01-04 10:19:00,27.15,27.17,27.14,27.17,9200.0,249816.0
2024-01-04 10:20:00,27.18,27.19,27.17,27.17,13600.0,369677.0
2024-01-04 10:21:00,27.19,27.2,27.12,27.12,12400.0,336865.0
2024-01-04 10:22:00,27.12,27.17,27.12,27.12,3400.0,92266.0
2024-01-04 10:23:00,27.18,27.18,27.15,27.16,3600.0,97801.0
2024-01-04 10:24:00,27.15,27.18,27.12,27.12,4200.0,114075.0
2024-01-04 10:25:00,27.17,27.18,27.11,27.17,3000.0,80882.6875
2024-01-04 10:26:00,27.1,27.17,27.1,27.1,11200.0,303657.0
2024-01-04 10:27:00,27.1,27.17,27.08,27.08,6400.0,173472.0
2024-01-04 10:28:00,27.1,27.1,27.07,27.07,5000.0,135408.0
2024-01-04 10:29:00,27.1,27.1,27.07,27.1,2700.0,73143.1015625
2024-01-04 10:30:00,27.08,27.1,27.08,27.08,6800.0,184218.0
2024-01-04 10:31:00,27.1,27.1,27.1,27.1,3800.0,104606.0
2024-01-04 10:32:00,27.12,27.16,27.12,27.16,9100.0,247087.0
2024-01-04 10:33:00,27.17,27.17,27.16,27.17,3300.0,89643.0
2024-01-04 10:34:00,27.16,27.16,27.13,27.15,13200.0,358388.0
2024-01-04 10:35:00,27.08,27.14,27.08,27.14,3600.0,97680.0
2024-01-04 10:36:00,27.14,27.14,27.08,27.08,3500.0,94881.0
2024-01-04 10:37:00,27.09,27.13,27.07,27.07,4000.0,108329.0
2024-01-04 10:38:00,27.06,27.07,27.01,27.01,13300.0,359593.0
2024-01-04 10:39:00,27.06,27.06,27.05,27.05,2300.0,62227.0
2024-01-04 10:40:00,27.05,27.05,27.0,27.04,7200.0,194532.0
2024-01-04 10:41:00,27.05,27.05,27.02,27.02,5000.0,135186.0
2024-01-04 10:42:00,27.01,27.02,26.97,26.97,14500.0,391414.0
2024-01-04 10:43:00,26.97,27.0,26.95,26.96,29500.0,795354.0
2024-01-04 10:44:00,27.0,27.01,26.97,27.0,3700.0,99881.0
2024-01-04 10:45:00,26.98,27.0,26.97,26.97,3200.0,86356.0
2024-01-04 10:46:00,26.98,26.98,26.95,26.95,25800.0,695618.0
2024-01-04 10:47:00,26.95,27.0,26.94,26.96,46000.0,1240158.0
2024-01-04 10:48:00,26.99,27.0,26.95,26.99,8900.0,240077.0
2024-01-04 10:49:00,26.99,26.99,26.97,26.97,4100.0,110593.0
2024-01-04 10:50:00,26.99,27.0,26.95,26.95,11800.0,318208.5
2024-01-04 10:51:00,26.95,26.95,26.91,26.91,21100.0,568004.0
2024-01-04 10:52:00,26.91,26.92,26.9,26.9,9100.0,244849.0
2024-01-04 10:53:00,26.91,26.92,26.89,26.91,5700.0,153374.0
2024-01-04 10:54:00,26.91,26.92,26.89,26.89,11900.0,320136.0
2024-01-04 10:55:00,26.92,26.92,26.89,26.89,2500.0,67291.0
2024-01-04 10:56:00,26.92,26.93,26.9,26.91,15200.0,409204.0
2024-01-04 10:57:00,26.92,27.01,26.92,27.0,18600.0,500164.5
2024-01-04 10:58:00,27.01,27.02,27.0,27.02,17300.0,467183.0
2024-01-04 10:59:00,27.0,27.02,27.0,27.02,7100.0,192570.59375
2024-01-04 11:00:00,27.02,27.02,26.92,26.92,61900.0,1665566.375
2024-01-04 11:01:00,26.92,27.0,26.92,27.0,2200.0,59351.0
2024-01-04 11:02:00,26.96,27.0,26.96,27.0,1700.0,45888.0
2024-01-04 11:03:00,27.0,27.0,27.0,27.0,2600.0,70163.0
2024-01-04 11:04:00,26.99,27.0,26.96,26.96,2700.0,72882.0
2024-01-04 11:05:00,26.96,27.02,26.96,27.02,6500.0,175486.0
2024-01-04 11:06:00,27.02,27.03,27.02,27.03,2800.0,75675.296875
2024-01-04 11:07:00,27.02,27.03,27.02,27.03,14600.0,394514.0
2024-01-04 11:08:00,27.04,27.04,27.02,27.02,1900.0,51365.30078125
2024-01-04 11:09:00,27.04,27.04,27.04,27.04,2200.0,59471.0
2024-01-04 11:10:00,27.04,27.04,27.01,27.01,2100.0,56781.0
2024-01-04 11:11:00,27.04,27.04,27.04,27.04,2100.0,56751.0
2024-01-04 11:12:00,27.02,27.04,27.02,27.04,4500.0,121657.0
2024-01-04 11:13:00,27.03,27.04,27.03,27.03,2800.0,75691.0
2024-01-04 11:14:00,27.03,27.04,27.0,27.0,8800.0,237729.0
2024-01-04 11:15:00,27.04,27.1,27.04,27.1,6100.0,166882.796875
2024-01-04 11:16:00,27.1,27.12,27.1,27.1,11800.0,319795.0
2024-01-04 11:17:00,27.11,27.11,27.02,27.02,2000.0,54170.55078125
2024-01-04 11:18:00,27.09,27.09,27.02,27.02,6800.0,183841.0
2024-01-04 11:19:00,27.03,27.11,27.03,27.1,4900.0,132686.0
2024-01-04 11:20:00,27.1,27.1,27.03,27.07,5000.0,135448.0
2024-01-04 11:21:00,27.1,27.12,27.1,27.12,6000.0,162647.0
2024-01-04 11:22:00,27.12,27.14,27.12,27.13,10100.0,274100.0
2024-01-04 11:23:00,27.15,27.16,27.15,27.15,3800.0,103174.0
2024-01-04 11:24:00,27.15,27.16,27.15,27.16,5800.0,157487.0
2024-01-04 11:25:00,27.14,27.15,27.13,27.14,10500.0,284981.0
2024-01-04 11:26:00,27.13,27.14,27.13,27.14,7900.0,214383.0
2024-01-04 11:27:00,27.12,27.14,27.11,27.11,3100.0,84065.0
2024-01-04 11:28:00,27.11,27.14,27.07,27.1,16000.0,433451.0
2024-01-04 11:29:00,27.14,27.14,27.14,27.14,2900.0,78704.0
2024-01-04 11:30:00,27.12,27.16,27.12,27.16,4100.0,111313.0
2024-01-04 13:01:00,27.16,27.16,27.15,27.15,4900.0,133073.0
2024-01-04 13:02:00,27.14,27.15,27.13,27.13,3200.0,86861.0
2024-01-04 13:03:00,27.13,27.15,27.13,27.13,3200.0,86844.0
2024-01-04 13:04:00,27.13,27.13,27.1,27.13,2200.0,59680.0
2024-01-04 13:05:00,27.13,27.13,27.13,27.13,2200.0,59656.0
2024-01-04 13:06:00,27.13,27.15,27.13,27.13,5100.0,138384.0
2024-01-04 13:07:00,27.13,27.15,27.13,27.15,3200.0,86850.0
2024-01-04 13:08:00,27.14,27.16,27.07,27.15,7500.0,203479.0
2024-01-04 13:09:00,27.16,27.17,27.16,27.17,4500.0,122214.0
2024-01-04 13:10:00,27.07,27.16,27.07,27.1,9000.0,244004.0
2024-01-04 13:11:00,27.1,27.15,27.05,27.05,11300.0,306145.5625
2024-01-04 13:12:00,27.15,27.15,27.03,27.15,19200.0,520178.5625
2024-01-04 13:13:00,27.17,27.17,27.09,27.17,9200.0,248019.96875
2024-01-04 13:14:00,27.17,27.17,27.16,27.16,2300.0,62475.0
2024-01-04 13:15:00,27.16,27.17,27.1,27.17,2600.0,70613.0
2024-01-04 13:16:00,27.17,27.17,27.17,27.17,2500.0,67923.0
2024-01-04 13:17:00,27.18,27.19,27.18,27.19,2300.0,62512.1015625
2024-01-04 13:18:00,27.17,27.17,27.17,27.17,3300.0,89661.0
2024-01-04 13:19:00,27.17,27.18,27.15,27.15,13200.0,358445.0
2024-01-04 13:20:00,27.15,27.16,27.14,27.14,4500.0,122151.0
2024-01-04 13:21:00,27.17,27.17,27.13,27.13,3000.0,81442.0
2024-01-04 13:22:00,27.16,27.16,27.15,27.16,6200.0,168357.0
2024-01-04 13:23:00,27.16,27.18,27.16,27.18,2000.0,54335.0
2024-01-04 13:24:00,27.18,27.19,27.18,27.18,6700.0,182094.0
2024-01-04 13:25:00,27.19,27.2,27.18,27.19,5900.0,160395.546875
2024-01-04 13:26:00,27.18,27.2,27.18,27.19,3900.0,106033.0
2024-01-04 13:27:00,27.2,27.23,27.2,27.23,8400.0,229724.0
2024-01-04 13:28:00,27.23,27.24,27.22,27.24,3600.0,98039.0
2024-01-04 13:29:00,27.21,27.23,27.2,27.2,6700.0,182274.0
2024-01-04 13:30:00,27.2,27.2,27.19,27.2,2100.0,55890.0
2024-01-04 13:31:00,27.2,27.2,27.18,27.2,5500.0,149553.0
2024-01-04 13:32:00,27.21,27.22,27.2,27.22,8400.0,230445.703125
2024-01-04 13:33:00,27.22,27.25,27.22,27.25,12600.0,343208.0
2024-01-04 13:34:00,27.25,27.28,27.25,27.28,8800.0,240027.0
2024-01-04 13:35:00,27.28,27.28,27.24,27.28,12900.0,351804.0
2024-01-04 13:36:00,27.28,27.28,27.25,27.25,3600.0,98172.0
2024-01-04 13:37:00,27.25,27.25,27.24,27.24,3300.0,89917.0
2024-01-04 13:38:00,27.25,27.26,27.25,27.25,2800.0,76306.0
2024-01-04 13:39:00,27.25,27.26,27.25,27.26,2700.0,73596.0
2024-01-04 13:40:00,27.26,27.27,27.25,27.25,3100.0,84525.0
2024-01-04 13:41:00,27.25,27.25,27.18,27.18,22100.0,601755.0
2024-01-04 13:42:00,27.2,27.26,27.2,27.25,19800.0,538707.5
2024-01-04 13:43:00,27.34,27.43,27.34,27.43,83300.0,2276830.0
2024-01-04 13:44:00,27.43,27.58,27.43,27.57,57100.0,1571659.0
2024-01-04 13:45:00,27.56,27.56,27.47,27.48,33700.0,928108.0
2024-01-04 13:46:00,27.48,27.48,27.36,27.44,22900.0,628443.0
2024-01-04 13:47:00,27.43,27.44,27.4,27.4,26700.0,732277.0
2024-01-04 13:48:00,27.4,27.41,27.4,27.41,14600.0,400163.0
2024-01-04 13:49:00,27.38,27.4,27.37,27.37,10500.0,287498.0
2024-01-04 13:50:00,27.37,27.37,27.36,27.36,4000.0,109445.0
2024-01-04 13:51:00,27.38,27.39,27.38,27.39,5000.0,136931.0
2024-01-04 13:52:00,27.37,27.37,27.35,27.35,6000.0,164174.0
2024-01-04 13:53:00,27.34,27.37,27.33,27.36,8000.0,218818.0
2024-01-04 13:54:00,27.36,27.37,27.36,27.37,900.0,24625.0
2024-01-04 13:55:00,27.37,27.37,27.35,27.35,3100.0,84806.0
2024-01-04 13:56:00,27.36,27.36,27.35,27.36,2100.0,57439.0
2024-01-04 13:57:00,27.36,27.37,27.36,27.37,2500.0,68422.0
2024-01-04 13:58:00,27.38,27.38,27.33,27.38,22000.0,602067.0
2024-01-04 13:59:00,27.38,27.38,27.36,27.37,2200.0,60215.0
2024-01-04 14:00:00,27.37,27.39,27.36,27.39,16200.0,442080.5625
2024-01-04 14:01:00,27.39,27.41,27.39,27.39,15600.0,428825.4375
2024-01-04 14:02:00,27.37,27.39,27.36,27.36,3700.0,101284.0
2024-01-04 14:03:00,27.34,27.35,27.32,27.34,17000.0,464860.0
2024-01-04 14:04:00,27.34,27.34,27.3,27.31,11400.0,311385.0
2024-01-04 14:05:00,27.29,27.3,27.24,27.3,17900.0,488338.0
2024-01-04 14:06:00,27.29,27.3,27.24,27.29,11300.0,308243.0
2024-01-04 14:07:00,27.29,27.3,27.26,27.3,8900.0,242887.0
2024-01-04 14:08:00,27.29,27.38,27.29,27.38,11100.0,301856.5
2024-01-04 14:09:00,27.38,27.47,27.36,27.47,22600.0,619494.0
2024-01-04 14:10:00,27.47,27.48,27.46,27.46,7900.0,216986.0
2024-01-04 14:11:00,27.43,27.46,27.42,27.44,5500.0,150901.0
2024-01-04 14:12:00,27.44,27.46,27.42,27.46,15000.0,411670.0
2024-01-04 14:13:00,27.46,27.5,27.42,27.47,42600.0,1172065.875
2024-01-04 14:14:00,27.47,27.5,27.47,27.49,9400.0,258416.0
2024-01-04 14:15:00,27.5,27.5,27.48,27.48,10400.0,285942.0
2024-01-04 14:16:00,27.5,27.5,27.45,27.45,24300.0,668030.75
2024-01-04 14:17:00,27.42,27.45,27.4,27.42,9900.0,271369.3125
2024-01-04 14:18:00,27.42,27.47,27.42,27.47,13600.0,374016.59375
2024-01-04 14:19:00,27.44,27.5,27.44,27.46,23000.0,632139.0
2024-01-04 14:20:00,27.46,27.51,27.46,27.51,8100.0,220655.03125
2024-01-04 14:21:00,27.52,27.52,27.5,27.51,12300.0,338376.0
2024-01-04 14:22:00,27.52,27.54,27.5,27.54,11700.0,322009.0
2024-01-04 14:23:00,27.53,27.55,27.51,27.55,29600.0,816436.0
2024-01-04 14:24:00,27.55,27.58,27.55,27.58,24000.0,661688.0
2024-01-04 14:25:00,27.58,27.58,27.56,27.56,21000.0,579142.0
2024-01-04 14:26:00,27.55,27.56,27.51,27.51,47500.0,1308576.0
2024-01-04 14:27:00,27.51,27.51,27.42,27.44,5000.0,137335.0
2024-01-04 14:28:00,27.48,27.51,27.48,27.5,4300.0,118237.0
2024-01-04 14:29:00,27.51,27.53,27.51,27.52,7700.0,211868.0
2024-01-04 14:30:00,27.52,27.53,27.5,27.5,17000.0,467627.0
2024-01-04 14:31:00,27.48,27.48,27.44,27.44,6100.0,167473.0
2024-01-04 14:32:00,27.44,27.44,27.42,27.43,55800.0,1525884.375
2024-01-04 14:33:00,27.41,27.41,27.38,27.4,6400.0,175274.0
2024-01-04 14:34:00,27.4,27.42,27.36,27.36,8500.0,232816.0
2024-01-04 14:35:00,27.4,27.44,27.34,27.44,19200.0,526026.0
2024-01-04 14:36:00,27.44,27.44,27.4,27.4,8100.0,222141.0
2024-01-04 14:37:00,27.4,27.44,27.4,27.44,12300.0,337326.0
2024-01-04 14:38:00,27.41,27.46,27.41,27.45,6700.0,184097.15625
2024-01-04 14:39:00,27.46,27.48,27.46,27.48,4300.0,118132.0
2024-01-04 14:40:00,27.48,27.48,27.47,27.47,5200.0,142879.0
2024-01-04 14:41:00,27.48,27.48,27.46,27.46,2700.0,74173.0
2024-01-04 14:42:00,27.45,27.46,27.45,27.45,8700.0,238649.84375
2024-01-04 14:43:00,27.44,27.44,27.41,27.44,5100.0,138380.453125
2024-01-04 14:44:00,27.44,27.45,27.43,27.43,9000.0,246994.0
2024-01-04 14:45:00,27.43,27.45,27.43,27.44,2900.0,79567.0
2024-01-04 14:46:00,27.44,27.44,27.42,27.43,13000.0,356655.0
2024-01-04 14:47:00,27.43,27.44,27.43,27.43,6000.0,164592.0
2024-01-04 14:48:00,27.43,27.44,27.42,27.43,7500.0,205735.0
2024-01-04 14:49:00,27.42,27.43,27.42,27.43,7700.0,211141.0
2024-01-04 14:50:00,27.42,27.43,27.42,27.42,16500.0,452575.0
2024-01-04 14:51:00,27.43,27.44,27.42,27.42,14200.0,389548.0
2024-01-04 14:52:00,27.43,27.44,27.43,27.44,18700.0,513097.0
2024-01-04 14:53:00,27.44,27.45,27.43,27.45,24700.0,677801.0
2024-01-04 14:54:00,27.46,27.48,27.44,27.48,28200.0,774205.0625
2024-01-04 14:55:00,27.48,27.49,27.45,27.49,30600.0,842849.5625
2024-01-04 14:56:00,27.49,27.5,27.45,27.49,43600.0,1196886.25
2024-01-04 14:57:00,27.49,27.49,27.45,27.48,61200.0,1681485.0
2024-01-04 14:58:00,27.48,27.48,27.48,27.48,0.0,0.0
2024-01-04 14:59:00,27.48,27.48,27.48,27.48,0.0,0.0
2024-01-04 15:00:00,27.5,27.5,27.5,27.5,55100.0,1516487.5
2024-01-05 09:31:00,27.36,27.54,27.21,27.22,39600.0,1080769.0
2024-01-05 09:32:00,27.22,27.23,27.13,27.16,25100.0,682547.0
2024-01-05 09:33:00,27.19,27.23,27.16,27.16,21900.0,595406.0
2024-01-05 09:34:00,27.16,27.3,27.15,27.28,22800.0,620142.0
2024-01-05 09:35:00,27.29,27.36,27.28,27.36,9000.0,245916.0
2024-01-05 09:36:00,27.39,27.39,27.32,27.38,15800.0,431915.0
2024-01-05 09:37:00,27.39,27.53,27.39,27.52,17100.0,470221.0
2024-01-05 09:38:00,27.52,27.54,27.43,27.5,17700.0,486442.0
2024-01-05 09:39:00,27.5,27.51,27.5,27.51,12600.0,346550.0
2024-01-05 09:40:00,27.5,27.51,27.46,27.5,14100.0,387710.0
2024-01-05 09:41:00,27.46,27.49,27.42,27.46,15900.0,436634.0
2024-01-05 09:42:00,27.45,27.47,27.42,27.47,6900.0,189397.0
2024-01-05 09:43:00,27.45,27.47,27.38,27.38,25300.0,693704.0
2024-01-05 09:44:00,27.4,27.47,27.4,27.47,5400.0,148114.0
2024-01-05 09:45:00,27.47,27.48,27.45,27.45,2300.0,63171.0
2024-01-05 09:46:00,27.45,27.5,27.45,27.46,13200.0,362683.0
2024-01-05 09:47:00,27.46,27.46,27.4,27.4,9100.0,249739.0
2024-01-05 09:48:00,27.4,27.4,27.38,27.38,8100.0,221842.0
2024-01-05 09:49:00,27.39,27.39,27.35,27.35,6300.0,172406.0
2024-01-05 09:50:00,27.36,27.38,27.34,27.34,29900.0,818028.0
2024-01-05 09:51:00,27.39,27.39,27.35,27.37,7000.0,191608.0
2024-01-05 09:52:00,27.33,27.45,27.33,27.33,28200.0,770447.8125
2024-01-05 09:53:00,27.36,27.41,27.33,27.33,4600.0,125813.0
2024-01-05 09:54:00,27.4,27.4,27.36,27.36,14600.0,399529.0
2024-01-05 09:55:00,27.35,27.35,27.3,27.33,16500.0,450877.0
2024-01-05 09:56:00,27.3,27.3,27.24,27.26,13200.0,360111.0
2024-01-05 09:57:00,27.27,27.27,27.24,27.26,7900.0,215370.0
2024-01-05 09:58:00,27.24,27.26,27.24,27.25,6700.0,182556.0
2024-01-05 09:59:00,27.25,27.25,27.23,27.25,6700.0,182481.0
2024-01-05 10:00:00,27.24,27.25,27.22,27.22,4400.0,119843.0
2024-01-05 10:01:00,27.22,27.25,27.21,27.25,12700.0,347752.5
2024-01-05 10:02:00,27.25,27.27,27.25,27.27,10200.0,278015.0
2024-01-05 10:03:00,27.27,27.28,27.25,27.25,9300.0,253559.0
2024-01-05 10:04:00,27.26,27.27,27.25,27.25,1100.0,27810.19921875
2024-01-05 10:05:00,27.25,27.25,27.21,27.21,11200.0,304992.0
2024-01-05 10:06:00,27.21,27.23,27.21,27.22,8700.0,238079.453125
2024-01-05 10:07:00,27.23,27.25,27.23,27.23,7000.0,190637.296875
2024-01-05 10:08:00,27.25,27.25,27.22,27.24,3600.0,98063.0
2024-01-05 10:09:00,27.24,27.24,27.19,27.19,18500.0,502198.5625
2024-01-05 10:10:00,27.19,27.2,27.19,27.19,2600.0,70711.0
2024-01-05 10:11:00,27.2,27.2,27.18,27.19,8700.0,236553.0
2024-01-05 10:12:00,27.19,27.2,27.16,27.16,27400.0,744636.0
2024-01-05 10:13:00,27.14,27.14,27.06,27.06,49000.0,1328326.0
2024-01-05 10:14:00,27.06,27.06,27.03,27.04,23900.0,646530.0
2024-01-05 10:15:00,27.04,27.04,27.0,27.02,72700.0,1964096.75
2024-01-05 10:16:00,26.98,26.98,26.92,26.93,54700.0,1473854.0
2024-01-05 10:17:00,26.94,26.99,26.94,26.99,28000.0,754765.0
2024-01-05 10:18:00,26.99,27.01,26.99,27.0,13900.0,375237.0
2024-01-05 10:19:00,27.0,27.01,26.96,26.96,36600.0,987701.0
2024-01-05 10:20:00,26.96,26.97,26.91,26.91,36300.0,978034.0
2024-01-05 10:21:00,26.91,26.94,26.91,26.93,28000.0,754874.875
2024-01-05 10:22:00,26.97,27.0,26.94,26.99,8500.0,229263.0
2024-01-05 10:23:00,26.99,26.99,26.94,26.95,8000.0,215701.0
2024-01-05 10:24:00,26.95,27.0,26.95,27.0,5700.0,154896.75
2024-01-05 10:25:00,27.0,27.03,26.99,27.03,8100.0,218787.0
2024-01-05 10:26:00,27.04,27.09,27.04,27.06,8800.0,236318.40625
2024-01-05 10:27:00,27.06,27.1,27.06,27.09,6500.0,176034.0
2024-01-05 10:28:00,27.1,27.1,27.08,27.08,4700.0,127308.0
2024-01-05 10:29:00,27.07,27.07,27.03,27.04,11700.0,318273.25
2024-01-05 10:30:00,27.04,27.04,27.02,27.02,3600.0,97320.0
2024-01-05 10:31:00,27.02,27.06,27.02,27.06,4500.0,121689.0
2024-01-05 10:32:00,27.06,27.09,27.06,27.08,2500.0,67702.0
2024-01-05 10:33:00,27.08,27.08,27.04,27.04,10600.0,286818.0
2024-01-05 10:34:00,27.04,27.04,27.02,27.02,5200.0,140552.0
2024-01-05 10:35:00,27.01,27.01,27.0,27.0,4200.0,113440.0
2024-01-05 10:36:00,27.0,27.01,27.0,27.0,6200.0,167418.0
2024-01-05 10:37:00,27.0,27.0,26.95,26.95,17700.0,477442.0
2024-01-05 10:38:00,26.95,26.95,26.94,26.94,12600.0,338289.25
2024-01-05 10:39:00,26.95,26.95,26.94,26.94,5700.0,153584.0
2024-01-05 10:40:00,26.94,26.95,26.93,26.95,5200.0,140096.0
2024-01-05 10:41:00,26.95,26.95,26.94,26.95,11200.0,301747.0
2024-01-05 10:42:00,26.94,26.94,26.93,26.94,5100.0,137382.0
2024-01-05 10:43:00,26.93,26.95,26.93,26.95,5400.0,145483.0
2024-01-05 10:44:00,26.96,26.96,26.95,26.96,2800.0,75482.0
2024-01-05 10:45:00,26.96,26.96,26.95,26.96,4400.0,118610.0
2024-01-05 10:46:00,26.96,26.98,26.96,26.97,4600.0,124060.0
2024-01-05 10:47:00,26.97,26.97,26.94,26.95,10400.0,280291.0
2024-01-05 10:48:00,26.95,26.95,26.94,26.95,2100.0,56582.0
2024-01-05 10:49:00,26.95,26.96,26.94,26.94,4900.0,132857.203125
2024-01-05 10:50:00,26.96,26.96,26.91,26.91,39700.0,1068491.5
2024-01-05 10:51:00,26.94,26.94,26.91,26.91,11600.0,313022.3125
2024-01-05 10:52:00,26.91,26.91,26.9,26.91,20500.0,550775.6875
2024-01-05 10:53:00,26.92,26.92,26.9,26.91,6400.0,172207.0
2024-01-05 10:54:00,26.91,26.93,26.91,26.92,1200.0,32304.0
2024-01-05 10:55:00,26.92,26.94,26.92,26.94,4200.0,113102.0
2024-01-05 10:56:00,26.95,26.96,26.95,26.96,5600.0,150924.0
2024-01-05 10:57:00,26.95,26.95,26.95,26.95,3200.0,86240.0
2024-01-05 10:58:00,26.95,26.95,26.95,26.95,4300.0,115885.0
2024-01-05 10:59:00,26.95,26.95,26.94,26.94,4800.0,129328.0
2024-01-05 11:00:00,26.94,26.94,26.93,26.93,2900.0,78100.0
2024-01-05 11:01:00,26.93,26.93,26.93,26.93,3500.0,94255.0
2024-01-05 11:02:00,26.93,26.94,26.93,26.94,9100.0,245102.0
2024-01-05 11:03:00,26.94,26.94,26.93,26.93,2100.0,56573.0
2024-01-05 11:04:00,26.94,26.94,26.94,26.94,900.0,24246.0
2024-01-05 11:05:00,26.98,26.98,26.96,26.96,4700.0,126748.0
2024-01-05 11:06:00,26.97,26.97,26.96,26.96,3000.0,80890.0
2024-01-05 11:07:00,26.97,26.97,26.96,26.96,2400.0,64707.0
2024-01-05 11:08:00,26.95,26.95,26.95,26.95,500.0,13475.0
2024-01-05 11:09:00,26.94,26.95,26.94,26.94,4300.0,115850.0
2024-01-05 11:10:00,26.94,26.94,26.92,26.93,16000.0,430604.8125
2024-01-05 11:11:00,26.94,26.95,26.94,26.95,8300.0,223652.0
2024-01-05 11:12:00,26.95,26.95,26.93,26.93,10600.0,285534.0
2024-01-05 11:13:00,26.93,26.94,26.93,26.94,1900.0,51171.0
2024-01-05 11:14:00,26.94,26.95,26.94,26.94,3000.0,80826.0
2024-01-05 11:15:00,26.94,26.94,26.93,26.93,11600.0,312408.0
2024-01-05 11:16:00,26.93,26.94,26.92,26.93,9000.0,242303.0
2024-01-05 11:17:00,26.93,26.93,26.92,26.92,3300.0,88859.0
2024-01-05 11:18:00,26.92,26.92,26.92,26.92,2600.0,70261.203125
2024-01-05 11:19:00,26.92,26.92,26.91,26.91,4100.0,110350.0
2024-01-05 11:20:00,26.91,26.93,26.91,26.93,4200.0,113060.1015625
2024-01-05 11:21:00,26.93,26.93,26.93,26.93,0.0,0.0
2024-01-05 11:22:00,26.91,26.91,26.9,26.9,6500.0,174914.0
2024-01-05 11:23:00,26.9,26.91,26.9,26.9,20300.0,546080.0
2024-01-05 11:24:00,26.9,26.9,26.89,26.89,6100.0,163344.96875
2024-01-05 11:25:00,26.9,26.9,26.89,26.89,5100.0,137875.03125
2024-01-05 11:26:00,26.89,26.89,26.87,26.87,9800.0,263423.0
2024-01-05 11:27:00,26.87,26.87,26.83,26.83,8500.0,228250.0
2024-01-05 11:28:00,26.83,26.83,26.78,26.78,42800.0,1147174.0
2024-01-05 11:29:00,26.77,26.83,26.77,26.83,8200.0,219727.0
2024-01-05 11:30:00,26.83,26.83,26.8,26.8,10500.0,281491.0
2024-01-05 13:01:00,26.81,26.98,26.8,26.98,29300.0,785659.0
2024-01-05 13:02:00,26.96,26.96,26.83,26.83,2700.0,72575.0
2024-01-05 13:03:00,26.86,26.9,26.86,26.9,6800.0,182714.0
2024-01-05 13:04:00,26.89,26.89,26.87,26.87,400.0,10752.0
2024-01-05 13:05:00,26.87,26.89,26.86,26.86,6100.0,163902.0
2024-01-05 13:06:00,26.89,26.89,26.86,26.86,6800.0,182818.0
2024-01-05 13:07:00,26.86,26.86,26.85,26.85,2600.0,69819.0
2024-01-05 13:08:00,26.84,26.84,26.84,26.84,1000.0,26840.0
2024-01-05 13:09:00,26.84,26.85,26.83,26.83,4500.0,120772.0
2024-01-05 13:10:00,26.83,26.84,26.82,26.84,6300.0,169013.0
2024-01-05 13:11:00,26.84,26.89,26.82,26.85,19100.0,512822.0
2024-01-05 13:12:00,26.88,26.88,26.83,26.83,2500.0,67125.0
2024-01-05 13:13:00,26.83,26.84,26.83,26.84,4100.0,110009.0
2024-01-05 13:14:00,26.85,26.85,26.85,26.85,400.0,10740.0
2024-01-05 13:15:00,26.85,26.85,26.85,26.85,500.0,13425.0
2024-01-05 13:16:00,26.85,26.89,26.85,26.89,34900.0,937975.0
2024-01-05 13:17:00,26.9,26.9,26.88,26.9,7000.0,188280.0
2024-01-05 13:18:00,26.9,26.95,26.9,26.91,5200.0,140086.0
2024-01-05 13:19:00,26.91,26.91,26.91,26.91,200.0,5382.0
2024-01-05 13:20:00,26.92,26.94,26.91,26.94,3800.0,102297.0
2024-01-05 13:21:00,26.91,26.92,26.89,26.89,7300.0,196429.0
2024-01-05 13:22:00,26.89,26.89,26.87,26.87,1200.0,32710.7890625
2024-01-05 13:23:00,26.87,26.87,26.87,26.87,1600.0,42992.0
2024-01-05 13:24:00,26.87,26.87,26.87,26.87,900.0,23726.2109375
2024-01-05 13:25:00,26.87,26.87,26.87,26.87,7100.0,191233.796875
2024-01-05 13:26:00,26.87,26.87,26.87,26.87,5300.0,142411.0
2024-01-05 13:27:00,26.89,26.89,26.88,26.88,900.0,24197.0
2024-01-05 13:28:00,26.88,26.9,26.88,26.9,4500.0,121042.0
2024-01-05 13:29:00,26.9,26.91,26.88,26.88,2000.0,53783.0
2024-01-05 13:30:00,26.89,26.9,26.89,26.9,1800.0,48407.0
2024-01-05 13:31:00,26.89,26.9,26.88,26.88,7300.0,196310.0
2024-01-05 13:32:00,26.89,26.91,26.89,26.91,3900.0,104902.0
2024-01-05 13:33:00,26.91,26.91,26.9,26.9,3300.0,88782.0
2024-01-05 13:34:00,26.91,26.91,26.91,26.91,1700.0,45732.0
2024-01-05 13:35:00,26.91,26.92,26.9,26.9,3000.0,80728.0
2024-01-05 13:36:00,26.91,26.92,26.91,26.91,600.0,16147.0
2024-01-05 13:37:00,26.9,26.96,26.9,26.96,8500.0,228812.0
2024-01-05 13:38:00,26.97,26.97,26.94,26.94,1000.0,26953.0
2024-01-05 13:39:00,26.95,26.98,26.95,26.98,5500.0,148281.0
2024-01-05 13:40:00,26.98,26.98,26.94,26.95,13700.0,369362.0
2024-01-05 13:41:00,26.94,26.97,26.94,26.97,4100.0,110474.0
2024-01-05 13:42:00,26.97,26.97,26.96,26.96,4400.0,118614.0
2024-01-05 13:43:00,26.93,26.93,26.93,26.93,3400.0,91568.0
2024-01-05 13:44:00,26.92,26.92,26.91,26.91,9800.0,263756.0
2024-01-05 13:45:00,26.9,26.9,26.89,26.89,4000.0,107600.0
2024-01-05 13:46:00,26.88,26.88,26.84,26.84,18900.0,507758.0
2024-01-05 13:47:00,26.84,26.84,26.83,26.83,4500.0,120772.0
2024-01-05 13:48:00,26.83,26.84,26.81,26.81,13500.0,362095.0
2024-01-05 13:49:00,26.8,26.83,26.8,26.8,4800.0,128680.0
2024-01-05 13:50:00,26.82,26.82,26.81,26.82,2500.0,67040.0
2024-01-05 13:51:00,26.83,26.85,26.83,26.85,2500.0,66940.015625
2024-01-05 13:52:00,26.85,26.86,26.85,26.86,9900.0,265867.0
2024-01-05 13:53:00,26.86,26.86,26.83,26.83,4800.0,128870.0
2024-01-05 13:54:00,26.82,26.83,26.82,26.83,9200.0,246754.0
2024-01-05 13:55:00,26.82,26.82,26.81,26.81,14900.0,399496.0
2024-01-05 13:56:00,26.81,26.82,26.81,26.81,5900.0,158188.0
2024-01-05 13:57:00,26.81,26.81,26.8,26.8,3400.0,91143.0
2024-01-05 13:58:00,26.8,26.81,26.8,26.8,6500.0,174211.0
2024-01-05 13:59:00,26.8,26.81,26.8,26.8,23200.0,621771.0
2024-01-05 14:00:00,26.79,26.79,26.77,26.77,19100.0,511475.0
2024-01-05 14:01:00,26.76,26.84,26.76,26.84,11300.0,302713.0
2024-01-05 14:02:00,26.85,26.88,26.85,26.88,13000.0,349607.4375
2024-01-05 14:03:00,26.88,26.88,26.87,26.88,5400.0,145121.0
2024-01-05 14:04:00,26.88,26.88,26.85,26.86,7900.0,212244.0
2024-01-05 14:05:00,26.85,26.88,26.8,26.88,9000.0,241416.0
2024-01-05 14:06:00,26.88,26.88,26.88,26.88,0.0,0.0
2024-01-05 14:07:00,26.85,26.85,26.82,26.82,1400.0,37570.0
2024-01-05 14:08:00,26.83,26.84,26.83,26.84,2200.0,59045.0
2024-01-05 14:09:00,26.87,26.87,26.83,26.83,900.0,24155.0
2024-01-05 14:10:00,26.84,26.84,26.84,26.84,1200.0,32208.0
2024-01-05 14:11:00,26.82,26.82,26.78,26.78,15900.0,426218.0
2024-01-05 14:12:00,26.77,26.77,26.76,26.76,2700.0,72278.0
2024-01-05 14:13:00,26.76,26.77,26.76,26.77,6100.0,163240.0
2024-01-05 14:14:00,26.76,26.77,26.76,26.76,5700.0,152552.0
2024-01-05 14:15:00,26.76,26.76,26.75,26.76,6200.0,165909.0
2024-01-05 14:16:00,26.75,26.75,26.7,26.71,48600.0,1298268.0
2024-01-05 14:17:00,26.7,26.72,26.7,26.71,4900.0,130836.0
2024-01-05 14:18:00,26.71,26.72,26.66,26.66,24400.0,651280.625
2024-01-05 14:19:00,26.65,26.66,26.64,26.65,19100.0,509039.0
2024-01-05 14:20:00,26.65,26.68,26.65,26.66,24700.0,658371.0
2024-01-05 14:21:00,26.66,26.69,26.66,26.68,6200.0,165331.0
2024-01-05 14:22:00,26.68,26.68,26.66,26.66,8900.0,237396.0
2024-01-05 14:23:00,26.67,26.67,26.63,26.63,18400.0,490320.0
2024-01-05 14:24:00,26.63,26.67,26.63,26.67,29100.0,776330.375
2024-01-05 14:25:00,26.65,26.66,26.64,26.64,8000.0,213190.0
2024-01-05 14:26:00,26.65,26.66,26.62,26.62,24500.0,651924.875
2024-01-05 14:27:00,26.61,26.62,26.6,26.6,23100.0,614735.0
2024-01-05 14:28:00,26.6,26.61,26.59,26.59,51200.0,1361817.0
2024-01-05 14:29:00,26.59,26.61,26.57,26.61,12600.0,335020.0
2024-01-05 14:30:00,26.61,26.61,26.6,26.61,6400.0,170265.0
2024-01-05 14:31:00,26.61,26.61,26.6,26.6,13500.0,359158.0
2024-01-05 14:32:00,26.59,26.6,26.58,26.58,12900.0,343015.0
2024-01-05 14:33:00,26.58,26.58,26.52,26.54,41500.0,1102095.0
2024-01-05 14:34:00,26.53,26.57,26.53,26.57,33300.0,885398.0
2024-01-05 14:35:00,26.59,26.62,26.57,26.58,12000.0,319235.0
2024-01-05 14:36:00,26.58,26.61,26.57,26.61,8600.0,228637.0
2024-01-05 14:37:00,26.6,26.6,26.55,26.55,15400.0,409089.0
2024-01-05 14:38:00,26.55,26.55,26.51,26.51,52000.0,1378342.125
2024-01-05 14:39:00,26.51,26.51,26.48,26.49,61800.0,1638848.75
2024-01-05 14:40:00,26.49,26.49,26.46,26.46,17500.0,463215.0
2024-01-05 14:41:00,26.46,26.49,26.45,26.46,27600.0,730392.0
2024-01-05 14:42:00,26.46,26.51,26.46,26.46,23300.0,616791.0
2024-01-05 14:43:00,26.51,26.51,26.46,26.47,8100.0,214481.0
2024-01-05 14:44:00,26.46,26.48,26.46,26.48,25700.0,680247.0
2024-01-05 14:45:00,26.48,26.5,26.45,26.5,6700.0,177332.0
2024-01-05 14:46:00,26.5,26.55,26.48,26.55,44700.0,1182718.25
2024-01-05 14:47:00,26.56,26.59,26.54,26.54,11500.0,305561.0
2024-01-05 14:48:00,26.55,26.58,26.55,26.58,5200.0,138088.0
2024-01-05 14:49:00,26.59,26.6,26.56,26.56,33100.0,880353.0
2024-01-05 14:50:00,26.58,26.58,26.55,26.55,10300.0,273585.0
2024-01-05 14:51:00,26.55,26.55,26.53,26.53,8800.0,233523.0
2024-01-05 14:52:00,26.54,26.59,26.54,26.56,19500.0,519290.40625
2024-01-05 14:53:00,26.56,26.59,26.55,26.56,21700.0,576424.0
2024-01-05 14:54:00,26.56,26.59,26.55,26.58,21800.0,579218.0
2024-01-05 14:55:00,26.59,26.59,26.55,26.57,19600.0,520968.0
2024-01-05 14:56:00,26.57,26.58,26.55,26.58,14800.0,393186.0
2024-01-05 14:57:00,26.58,26.59,26.57,26.58,15700.0,416760.0
2024-01-05 14:58:00,26.57,26.57,26.57,26.57,2100.0,55814.2109375
2024-01-05 14:59:00,26.57,26.57,26.57,26.57,0.0,0.0
2024-01-05 15:00:00,26.55,26.55,26.55,26.55,49900.0,1324712.25
2024-01-08 09:31:00,26.53,26.73,26.5,26.6,81800.0,2175755.5
2024-01-08 09:32:00,26.64,26.73,26.64,26.73,53400.0,1423675.0
2024-01-08 09:33:00,26.73,26.85,26.7,26.7,64700.0,1732727.5
2024-01-08 09:34:00,26.7,26.87,26.7,26.87,29100.0,780680.0
2024-01-08 09:35:00,26.84,26.86,26.75,26.78,41600.0,1116171.5
2024-01-08 09:36:00,26.75,26.79,26.74,26.74,25500.0,681335.5
2024-01-08 09:37:00,26.72,26.82,26.72,26.79,50600.0,1355327.0
2024-01-08 09:38:00,26.79,26.79,26.76,26.76,22200.0,594311.0
2024-01-08 09:39:00,26.75,26.75,26.64,26.64,20800.0,554904.0
2024-01-08 09:40:00,26.64,26.64,26.61,26.62,11700.0,311546.0
2024-01-08 09:41:00,26.62,26.66,26.62,26.66,4100.0,109222.0
2024-01-08 09:42:00,26.65,26.67,26.63,26.63,9800.0,261065.0
2024-01-08 09:43:00,26.62,26.63,26.59,26.6,28400.0,755683.0
2024-01-08 09:44:00,26.6,26.62,26.6,26.61,8500.0,226168.0
2024-01-08 09:45:00,26.61,26.65,26.6,26.62,15500.0,412466.0
2024-01-08 09:46:00,26.65,26.67,26.64,26.64,4700.0,125268.0
2024-01-08 09:47:00,26.66,26.78,26.66,26.77,15000.0,400899.0
2024-01-08 09:48:00,26.77,26.78,26.7,26.76,21600.0,577538.0
2024-01-08 09:49:00,26.69,26.74,26.67,26.67,12300.0,328288.0
2024-01-08 09:50:00,26.67,26.7,26.67,26.7,5200.0,138757.0
2024-01-08 09:51:00,26.75,26.76,26.75,26.75,10600.0,283489.0
2024-01-08 09:52:00,26.75,26.75,26.7,26.7,6300.0,168465.0
2024-01-08 09:53:00,26.68,26.68,26.66,26.67,4700.0,125401.0
2024-01-08 09:54:00,26.67,26.7,26.66,26.7,3500.0,93324.0
2024-01-08 09:55:00,26.67,26.67,26.67,26.67,5400.0,144018.0
2024-01-08 09:56:00,26.67,26.7,26.67,26.69,18400.0,490877.0
2024-01-08 09:57:00,26.69,26.79,26.68,26.79,42200.0,1128075.0
2024-01-08 09:58:00,26.79,26.8,26.75,26.75,11100.0,297337.0
2024-01-08 09:59:00,26.76,26.8,26.75,26.8,2400.0,64238.0
2024-01-08 10:00:00,26.75,26.79,26.75,26.79,10400.0,278469.0
2024-01-08 10:01:00,26.78,26.8,26.78,26.8,13400.0,359039.0
2024-01-08 10:02:00,26.79,26.81,26.78,26.81,20500.0,549399.0
2024-01-08 10:03:00,26.8,26.82,26.8,26.81,16300.0,437084.0
2024-01-08 10:04:00,26.79,26.82,26.77,26.77,21400.0,573544.0
2024-01-08 10:05:00,26.77,26.77,26.72,26.74,10100.0,270226.0
2024-01-08 10:06:00,26.74,26.77,26.74,26.77,9600.0,256971.0
2024-01-08 10:07:00,26.77,26.77,26.73,26.73,2700.0,72195.0
2024-01-08 10:08:00,26.7,26.74,26.7,26.74,5800.0,154892.0
2024-01-08 10:09:00,26.74,26.74,26.72,26.72,900.0,24057.0
2024-01-08 10:10:00,26.72,26.72,26.71,26.71,1600.0,42740.0
2024-01-08 10:11:00,26.71,26.71,26.67,26.67,14400.0,384296.0
2024-01-08 10:12:00,26.66,26.67,26.65,26.66,14600.0,389226.0
2024-01-08 10:13:00,26.65,26.65,26.59,26.59,101100.0,2693585.0
2024-01-08 10:14:00,26.58,26.63,26.58,26.59,11300.0,300619.0
2024-01-08 10:15:00,26.6,26.63,26.6,26.62,7400.0,196999.0
2024-01-08 10:16:00,26.65,26.65,26.61,26.61,7200.0,191667.0
2024-01-08 10:17:00,26.61,26.64,26.61,26.64,8100.0,215643.0
2024-01-08 10:18:00,26.65,26.71,26.65,26.71,10800.0,287963.0
2024-01-08 10:19:00,26.69,26.69,26.69,26.69,3700.0,98753.0
2024-01-08 10:20:00,26.65,26.7,26.65,26.7,12500.0,333205.0
2024-01-08 10:21:00,26.7,26.73,26.7,26.73,4900.0,130944.0
2024-01-08 10:22:00,26.73,26.74,26.73,26.73,2900.0,77528.0
2024-01-08 10:23:00,26.73,26.76,26.73,26.76,5000.0,133655.0
2024-01-08 10:24:00,26.72,26.72,26.7,26.7,4900.0,130860.0
2024-01-08 10:25:00,26.66,26.67,26.66,26.67,600.0,16001.0
2024-01-08 10:26:00,26.66,26.66,26.65,26.66,4800.0,127955.0
2024-01-08 10:27:00,26.66,26.66,26.65,26.65,4800.0,127938.0
2024-01-08 10:28:00,26.64,26.64,26.63,26.63,2600.0,69247.0
2024-01-08 10:29:00,26.63,26.63,26.62,26.62,1600.0,42606.0
2024-01-08 10:30:00,26.63,26.64,26.63,26.64,19000.0,506021.0
2024-01-08 10:31:00,26.66,26.71,26.66,26.7,3500.0,93396.0
2024-01-08 10:32:00,26.69,26.69,26.69,26.69,500.0,13345.0
2024-01-08 10:33:00,26.69,26.69,26.66,26.68,6800.0,181432.0
2024-01-08 10:34:00,26.7,26.7,26.7,26.7,400.0,10680.0
2024-01-08 10:35:00,26.68,26.7,26.68,26.7,1900.0,50717.0
2024-01-08 10:36:00,26.7,26.71,26.7,26.7,3600.0,96144.0
2024-01-08 10:37:00,26.7,26.7,26.68,26.68,500.0,13346.0
2024-01-08 10:38:00,26.73,26.74,26.73,26.73,14000.0,373787.875
2024-01-08 10:39:00,26.7,26.7,26.69,26.69,9200.0,245628.0
2024-01-08 10:40:00,26.69,26.69,26.69,26.69,100.0,2669.0
2024-01-08 10:41:00,26.69,26.69,26.66,26.66,10300.0,274755.0
2024-01-08 10:42:00,26.67,26.67,26.66,26.66,8000.0,213282.0
2024-01-08 10:43:00,26.66,26.7,26.66,26.7,7300.0,194820.0
2024-01-08 10:44:00,26.73,26.73,26.7,26.73,3200.0,85485.0
2024-01-08 10:45:00,26.73,26.75,26.73,26.75,6800.0,181827.0
2024-01-08 10:46:00,26.73,26.79,26.73,26.79,19700.0,527302.0
2024-01-08 10:47:00,26.79,26.8,26.79,26.79,18900.0,506394.0
2024-01-08 10:48:00,26.81,26.82,26.77,26.81,59900.0,1603744.25
2024-01-08 10:49:00,26.78,26.78,26.78,26.78,6600.0,176748.0
2024-01-08 10:50:00,26.81,26.83,26.81,26.81,12900.0,345716.0
2024-01-08 10:51:00,26.81,26.81,26.73,26.73,2400.0,65847.796875
2024-01-08 10:52:00,26.78,26.79,26.73,26.79,5900.0,157753.0
2024-01-08 10:53:00,26.78,26.79,26.78,26.79,600.0,16073.0
2024-01-08 10:54:00,26.74,26.79,26.74,26.74,1800.0,48158.0
2024-01-08 10:55:00,26.77,26.77,26.74,26.74,2000.0,53492.0
2024-01-08 10:56:00,26.74,26.74,26.74,26.74,0.0,0.0
2024-01-08 10:57:00,26.78,26.78,26.76,26.76,100.0,3025.8798828125
2024-01-08 10:58:00,26.76,26.76,26.76,26.76,1200.0,31764.119140625
2024-01-08 10:59:00,26.75,26.75,26.74,26.74,2300.0,61518.0
2024-01-08 11:00:00,26.74,26.74,26.7,26.7,5600.0,149583.0
2024-01-08 11:01:00,26.71,26.71,26.7,26.7,1500.0,40056.0
2024-01-08 11:02:00,26.7,26.71,26.69,26.69,4200.0,112118.0
2024-01-08 11:03:00,26.69,26.7,26.68,26.7,2900.0,77395.0
2024-01-08 11:04:00,26.71,26.71,26.69,26.69,3500.0,93458.0
2024-01-08 11:05:00,26.7,26.7,26.67,26.67,4100.0,109380.0
2024-01-08 11:06:00,26.64,26.65,26.64,26.65,3500.0,93275.0
2024-01-08 11:07:00,26.67,26.67,26.67,26.67,1700.0,45339.0
2024-01-08 11:08:00,26.67,26.7,26.67,26.67,4200.0,112063.0
2024-01-08 11:09:00,26.67,26.7,26.67,26.68,3100.0,82710.0
2024-01-08 11:10:00,26.68,26.71,26.68,26.7,1700.0,45372.0
2024-01-08 11:11:00,26.71,26.71,26.7,26.7,3900.0,104159.0
2024-01-08 11:12:00,26.68,26.69,26.68,26.69,1100.0,29354.0
2024-01-08 11:13:00,26.69,26.7,26.69,26.7,600.0,16015.0
2024-01-08 11:14:00,26.73,26.73,26.7,26.7,700.0,18693.0
2024-01-08 11:15:00,26.69,26.69,26.68,26.68,3700.0,98736.0
2024-01-08 11:16:00,26.67,26.67,26.66,26.67,3000.0,80006.0
2024-01-08 11:17:00,26.65,26.7,26.65,26.7,14500.0,385893.75
2024-01-08 11:18:00,26.7,26.75,26.7,26.75,1900.0,50775.0
2024-01-08 11:19:00,26.76,26.78,26.76,26.78,1200.0,32468.87890625
2024-01-08 11:20:00,26.76,26.76,26.72,26.72,3800.0,101271.125
2024-01-08 11:21:00,26.72,26.72,26.72,26.72,0.0,0.0
2024-01-08 11:22:00,26.72,26.75,26.72,26.75,800.0,21397.0
2024-01-08 11:23:00,26.75,26.75,26.72,26.75,4900.0,131071.0
2024-01-08 11:24:00,26.75,26.75,26.74,26.74,5600.0,149799.0
2024-01-08 11:25:00,26.74,26.75,26.72,26.72,4100.0,109586.0
2024-01-08 11:26:00,26.72,26.75,26.71,26.71,1500.0,40079.0
2024-01-08 11:27:00,26.71,26.71,26.69,26.7,1800.0,48065.0
2024-01-08 11:28:00,26.69,26.7,26.68,26.68,3900.0,104063.0
2024-01-08 11:29:00,26.68,26.68,26.67,26.67,1300.0,34681.0
2024-01-08 11:30:00,26.64,26.7,26.64,26.68,6600.0,176042.0
2024-01-08 13:01:00,26.68,26.7,26.68,26.7,2700.0,72051.0
2024-01-08 13:02:00,26.66,26.67,26.64,26.64,4300.0,114620.0
2024-01-08 13:03:00,26.64,26.67,26.64,26.67,7800.0,207996.0
2024-01-08 13:04:00,26.64,26.7,26.64,26.65,33500.0,894076.0
2024-01-08 13:05:00,26.65,26.7,26.65,26.7,3100.0,82722.0
2024-01-08 13:06:00,26.7,26.7,26.69,26.69,2000.0,53393.0
2024-01-08 13:07:00,26.7,26.7,26.69,26.69,15100.0,403081.0
2024-01-08 13:08:00,26.7,26.7,26.7,26.7,2100.0,56070.0
2024-01-08 13:09:00,26.71,26.73,26.71,26.73,5500.0,146939.0
2024-01-08 13:10:00,26.72,26.82,26.72,26.82,13200.0,353479.0
2024-01-08 13:11:00,26.82,26.83,26.78,26.82,12400.0,332530.0
2024-01-08 13:12:00,26.82,26.82,26.78,26.78,11300.0,302952.0
2024-01-08 13:13:00,26.74,26.8,26.74,26.8,8800.0,235834.0
2024-01-08 13:14:00,26.8,26.8,26.75,26.75,9700.0,259882.0
2024-01-08 13:15:00,26.78,26.79,26.78,26.78,9600.0,257155.0
2024-01-08 13:16:00,26.8,26.8,26.73,26.79,20500.0,549192.0
2024-01-08 13:17:00,26.79,26.79,26.7,26.71,34200.0,913491.0
2024-01-08 13:18:00,26.72,26.72,26.72,26.72,100.0,2672.0
2024-01-08 13:19:00,26.72,26.72,26.72,26.72,200.0,5344.0
2024-01-08 13:20:00,26.72,26.72,26.67,26.67,2500.0,66745.0
2024-01-08 13:21:00,26.67,26.76,26.67,26.76,1300.0,34779.0
2024-01-08 13:22:00,26.68,26.68,26.68,26.68,100.0,2668.0
2024-01-08 13:23:00,26.69,26.69,26.69,26.69,500.0,13345.0
2024-01-08 13:24:00,26.69,26.7,26.69,26.7,800.0,21355.0
2024-01-08 13:25:00,26.7,26.7,26.68,26.68,2800.0,74742.0
2024-01-08 13:26:00,26.68,26.68,26.67,26.67,2700.0,72021.0
2024-01-08 13:27:00,26.67,26.67,26.67,26.67,2000.0,53340.0
2024-01-08 13:28:00,26.67,26.68,26.67,26.68,2500.0,65365.5
2024-01-08 13:29:00,26.69,26.72,26.69,26.72,2300.0,61405.0
2024-01-08 13:30:00,26.72,26.72,26.68,26.68,6600.0,176096.0
2024-01-08 13:31:00,26.7,26.71,26.7,26.71,3100.0,82783.0
2024-01-08 13:32:00,26.7,26.72,26.68,26.72,6700.0,180696.59375
2024-01-08 13:33:00,26.72,26.72,26.72,26.72,6600.0,176352.0
2024-01-08 13:34:00,26.71,26.72,26.7,26.7,5400.0,144236.0
2024-01-08 13:35:00,26.69,26.69,26.68,26.68,8400.0,224138.0
2024-01-08 13:36:00,26.68,26.69,26.68,26.69,1800.0,48027.0
2024-01-08 13:37:00,26.68,26.69,26.68,26.69,3200.0,84577.6015625
2024-01-08 13:38:00,26.69,26.7,26.69,26.7,5900.0,157473.0
2024-01-08 13:39:00,26.7,26.7,26.7,26.7,1300.0,34710.0
2024-01-08 13:40:00,26.7,26.71,26.7,26.7,3800.0,101463.0
2024-01-08 13:41:00,26.7,26.7,26.69,26.7,5700.0,152149.0
2024-01-08 13:42:00,26.7,26.7,26.69,26.69,2000.0,53398.0
2024-01-08 13:43:00,26.69,26.69,26.68,26.68,6200.0,164349.796875
2024-01-08 13:44:00,26.67,26.68,26.65,26.65,17100.0,457334.5
2024-01-08 13:45:00,26.65,26.66,26.65,26.66,5300.0,141271.0
2024-01-08 13:46:00,26.65,26.65,26.65,26.65,7100.0,189222.0
2024-01-08 13:47:00,26.65,26.65,26.65,26.65,600.0,15990.0
2024-01-08 13:48:00,26.65,26.66,26.64,26.66,3000.0,79927.0
2024-01-08 13:49:00,26.66,26.66,26.66,26.66,4100.0,109306.0
2024-01-08 13:50:00,26.66,26.66,26.66,26.66,4900.0,130634.0
2024-01-08 13:51:00,26.68,26.68,26.66,26.68,4900.0,130718.0
2024-01-08 13:52:00,26.68,26.68,26.65,26.67,8300.0,221292.0
2024-01-08 13:53:00,26.65,26.65,26.65,26.65,3900.0,103935.0
2024-01-08 13:54:00,26.65,26.66,26.65,26.66,4500.0,119939.0
2024-01-08 13:55:00,26.64,26.64,26.62,26.62,13000.0,346238.0
2024-01-08 13:56:00,26.61,26.62,26.61,26.61,8500.0,226259.0
2024-01-08 13:57:00,26.62,26.62,26.62,26.62,600.0,15972.0
2024-01-08 13:58:00,26.62,26.63,26.62,26.63,5200.0,138445.0
2024-01-08 13:59:00,26.62,26.62,26.61,26.62,3500.0,93164.0
2024-01-08 14:00:00,26.58,26.58,26.56,26.57,26500.0,704565.0
2024-01-08 14:01:00,26.55,26.55,26.5,26.51,20800.0,551670.0
2024-01-08 14:02:00,26.51,26.53,26.51,26.53,1800.0,47736.0
2024-01-08 14:03:00,26.53,26.53,26.48,26.48,9700.0,257110.0
2024-01-08 14:04:00,26.48,26.48,26.42,26.46,17200.0,454840.0
2024-01-08 14:05:00,26.47,26.5,26.47,26.48,5000.0,132419.0
2024-01-08 14:06:00,26.53,26.54,26.48,26.54,7700.0,204257.0
2024-01-08 14:07:00,26.55,26.59,26.55,26.59,4700.0,124918.0
2024-01-08 14:08:00,26.6,26.64,26.6,26.64,10200.0,271882.3125
2024-01-08 14:09:00,26.62,26.68,26.6,26.68,5700.0,151801.0
2024-01-08 14:10:00,26.67,26.67,26.61,26.64,1700.0,45303.0
2024-01-08 14:11:00,26.61,26.61,26.59,26.59,30300.0,805878.0
2024-01-08 14:12:00,26.6,26.6,26.55,26.55,41800.0,1110424.0
2024-01-08 14:13:00,26.56,26.56,26.55,26.55,9300.0,247007.0
2024-01-08 14:14:00,26.55,26.55,26.55,26.55,10700.0,284099.0
2024-01-08 14:15:00,26.56,26.56,26.56,26.56,900.0,23904.0
2024-01-08 14:16:00,26.57,26.57,26.56,26.56,3600.0,94748.5234375
2024-01-08 14:17:00,26.57,26.57,26.57,26.57,200.0,5314.0
2024-01-08 14:18:00,26.56,26.57,26.56,26.57,2500.0,66424.0
2024-01-08 14:19:00,26.57,26.57,26.56,26.56,3000.0,80559.4765625
2024-01-08 14:20:00,26.56,26.57,26.56,26.57,3600.0,94759.515625
2024-01-08 14:21:00,26.57,26.57,26.57,26.57,2400.0,63768.0
2024-01-08 14:22:00,26.57,26.57,26.55,26.55,11800.0,314240.46875
2024-01-08 14:23:00,26.56,26.56,26.55,26.56,2100.0,55765.0
2024-01-08 14:24:00,26.56,26.57,26.56,26.57,3800.0,100949.328125
2024-01-08 14:25:00,26.56,26.57,26.55,26.57,2400.0,63744.0
2024-01-08 14:26:00,26.58,26.6,26.58,26.6,4900.0,129385.1875
2024-01-08 14:27:00,26.6,26.65,26.6,26.65,2900.0,77171.0
2024-01-08 14:28:00,26.62,26.64,26.6,26.64,3100.0,82502.0
2024-01-08 14:29:00,26.61,26.61,26.61,26.61,1000.0,26610.0
2024-01-08 14:30:00,26.61,26.61,26.6,26.6,7200.0,191523.0
2024-01-08 14:31:00,26.58,26.58,26.56,26.56,8700.0,231186.0
2024-01-08 14:32:00,26.58,26.59,26.57,26.57,2800.0,74423.0
2024-01-08 14:33:00,26.56,26.57,26.55,26.55,9400.0,249631.0
2024-01-08 14:34:00,26.54,26.54,26.5,26.51,10200.0,270462.0
2024-01-08 14:35:00,26.5,26.51,26.5,26.5,6400.0,169601.0
2024-01-08 14:36:00,26.5,26.5,26.49,26.49,8700.0,230509.0
2024-01-08 14:37:00,26.49,26.5,26.47,26.47,13400.0,354907.0
2024-01-08 14:38:00,26.47,26.48,26.47,26.48,4000.0,105908.0
2024-01-08 14:39:00,26.49,26.49,26.48,26.49,3200.0,84743.0
2024-01-08 14:40:00,26.47,26.48,26.46,26.46,7900.0,209139.0
2024-01-08 14:41:00,26.48,26.49,26.47,26.47,5500.0,145636.0
2024-01-08 14:42:00,26.47,26.48,26.47,26.47,3100.0,82064.0
2024-01-08 14:43:00,26.47,26.48,26.46,26.46,5200.0,137617.0
2024-01-08 14:44:00,26.45,26.46,26.43,26.43,13500.0,356912.0
2024-01-08 14:45:00,26.43,26.44,26.43,26.43,3400.0,89866.0
2024-01-08 14:46:00,26.42,26.42,26.4,26.41,19900.0,525600.0
2024-01-08 14:47:00,26.41,26.41,26.38,26.38,11800.0,311478.0
2024-01-08 14:48:00,26.4,26.46,26.4,26.4,28900.0,763169.0
2024-01-08 14:49:00,26.41,26.43,26.4,26.43,4000.0,105660.0
2024-01-08 14:50:00,26.41,26.41,26.39,26.39,11500.0,303633.0
2024-01-08 14:51:00,26.39,26.41,26.39,26.4,7800.0,205896.0
2024-01-08 14:52:00,26.4,26.4,26.36,26.36,16500.0,435299.0
2024-01-08 14:53:00,26.36,26.54,26.34,26.54,38900.0,1026938.0
2024-01-08 14:54:00,26.5,26.53,26.5,26.51,31100.0,824240.0
2024-01-08 14:55:00,26.51,26.52,26.5,26.51,7700.0,204110.0
2024-01-08 14:56:00,26.51,26.51,26.5,26.5,14400.0,381672.0
2024-01-08 14:57:00,26.5,26.51,26.5,26.51,19200.0,508905.0
2024-01-08 14:58:00,26.51,26.51,26.51,26.51,0.0,0.0
2024-01-08 14:59:00,26.51,26.51,26.51,26.51,0.0,0.0
2024-01-08 15:00:00,26.51,26.51,26.51,26.51,27800.0,736978.0
2024-01-09 09:31:00,26.35,26.6,26.35,26.46,32300.0,852104.0
2024-01-09 09:32:00,26.56,26.57,26.46,26.55,6300.0,167219.0
2024-01-09 09:33:00,26.56,26.59,26.55,26.57,21900.0,582066.0
2024-01-09 09:34:00,26.58,26.61,26.57,26.6,27100.0,720614.0
2024-01-09 09:35:00,26.63,26.67,26.63,26.67,13400.0,357049.0
2024-01-09 09:36:00,26.67,26.75,26.67,26.73,14800.0,395187.0
2024-01-09 09:37:00,26.73,26.73,26.67,26.69,24200.0,645977.0
2024-01-09 09:38:00,26.69,26.71,26.66,26.71,10500.0,280126.0
2024-01-09 09:39:00,26.72,26.84,26.72,26.84,40500.0,1084354.0
2024-01-09 09:40:00,26.84,26.93,26.84,26.92,50300.0,1352140.0
2024-01-09 09:41:00,26.92,26.95,26.86,26.94,36500.0,982071.0
2024-01-09 09:42:00,26.95,27.08,26.94,27.04,73900.0,1995375.75
2024-01-09 09:43:00,27.01,27.05,27.01,27.05,51100.0,1380216.875
2024-01-09 09:44:00,27.02,27.05,26.96,26.96,18500.0,499644.0
2024-01-09 09:45:00,26.96,26.96,26.88,26.88,18900.0,508862.0
2024-01-09 09:46:00,26.88,26.88,26.85,26.85,9700.0,260526.0
2024-01-09 09:47:00,26.85,26.89,26.83,26.89,18300.0,492202.90625
2024-01-09 09:48:00,26.89,26.96,26.89,26.95,25200.0,678845.0
2024-01-09 09:49:00,26.95,26.95,26.89,26.89,21600.0,581630.0
2024-01-09 09:50:00,26.9,26.91,26.88,26.88,7000.0,188298.0
2024-01-09 09:51:00,26.88,26.9,26.84,26.84,11900.0,319644.0
2024-01-09 09:52:00,26.83,26.86,26.8,26.8,19400.0,519627.09375
2024-01-09 09:53:00,26.8,26.82,26.72,26.75,19400.0,519540.0
2024-01-09 09:54:00,26.75,26.76,26.74,26.76,18400.0,492184.0
2024-01-09 09:55:00,26.78,26.78,26.74,26.74,13200.0,353142.0
2024-01-09 09:56:00,26.74,26.74,26.68,26.68,18700.0,499546.0
2024-01-09 09:57:00,26.68,26.68,26.66,26.67,17200.0,458766.0
2024-01-09 09:58:00,26.67,26.68,26.67,26.67,1900.0,50683.0
2024-01-09 09:59:00,26.68,26.73,26.68,26.73,6200.0,165484.0
2024-01-09 10:00:00,26.71,26.71,26.7,26.7,3300.0,88137.0
2024-01-09 10:01:00,26.71,26.8,26.71,26.8,23300.0,622388.1875
2024-01-09 10:02:00,26.79,26.79,26.76,26.76,20000.0,535537.0
2024-01-09 10:03:00,26.76,26.79,26.76,26.76,17100.0,458461.8125
2024-01-09 10:04:00,26.77,26.77,26.75,26.75,2800.0,74936.0
2024-01-09 10:05:00,26.74,26.77,26.73,26.77,19800.0,529395.0
2024-01-09 10:06:00,26.73,26.83,26.73,26.82,8900.0,238431.0
2024-01-09 10:07:00,26.82,26.85,26.82,26.85,2900.0,78628.8984375
2024-01-09 10:08:00,26.85,26.85,26.8,26.8,11700.0,313757.0
2024-01-09 10:09:00,26.79,26.79,26.78,26.79,8700.0,233080.0
2024-01-09 10:10:00,26.77,26.78,26.77,26.77,4300.0,115134.0
2024-01-09 10:11:00,26.76,26.76,26.75,26.75,7900.0,211366.0
2024-01-09 10:12:00,26.75,26.75,26.74,26.75,4500.0,120365.0
2024-01-09 10:13:00,26.76,26.8,26.76,26.76,13000.0,346644.65625
2024-01-09 10:14:00,26.81,26.82,26.81,26.82,2500.0,67021.0
2024-01-09 10:15:00,26.82,26.82,26.8,26.8,2200.0,59000.0
2024-01-09 10:16:00,26.81,26.81,26.8,26.8,2500.0,67004.0
2024-01-09 10:17:00,26.8,26.81,26.79,26.79,3000.0,80418.0
2024-01-09 10:18:00,26.79,26.79,26.78,26.78,3900.0,104469.0
2024-01-09 10:19:00,26.79,26.8,26.79,26.8,5700.0,152718.0
2024-01-09 10:20:00,26.82,26.84,26.82,26.84,7800.0,209285.0
2024-01-09 10:21:00,26.84,26.88,26.83,26.88,12900.0,346438.0
2024-01-09 10:22:00,26.89,26.99,26.89,26.94,16700.0,449673.0
2024-01-09 10:23:00,26.99,27.0,26.95,26.97,33300.0,898795.0
2024-01-09 10:24:00,26.95,26.98,26.94,26.94,4600.0,124010.0
2024-01-09 10:25:00,26.95,26.97,26.94,26.95,12200.0,328683.0
2024-01-09 10:26:00,26.94,26.94,26.91,26.91,18900.0,508372.0
2024-01-09 10:27:00,26.91,26.91,26.86,26.89,45100.0,1211350.0
2024-01-09 10:28:00,26.88,26.88,26.87,26.87,4400.0,118270.0
2024-01-09 10:29:00,26.87,26.89,26.87,26.89,5200.0,139763.0
2024-01-09 10:30:00,26.89,26.89,26.85,26.85,12100.0,325162.0
2024-01-09 10:31:00,26.85,26.88,26.85,26.88,3300.0,88627.0
2024-01-09 10:32:00,26.88,26.88,26.88,26.88,1200.0,32251.0
2024-01-09 10:33:00,26.88,26.88,26.86,26.86,2000.0,53753.0
2024-01-09 10:34:00,26.86,26.92,26.86,26.92,5500.0,147865.0
2024-01-09 10:35:00,26.92,26.96,26.92,26.96,3900.0,105065.0
2024-01-09 10:36:00,26.94,26.99,26.94,26.95,11100.0,299264.0
2024-01-09 10:37:00,26.94,26.95,26.94,26.95,1300.0,35023.0
2024-01-09 10:38:00,26.9,26.9,26.87,26.87,11800.0,317310.0
2024-01-09 10:39:00,26.93,26.93,26.85,26.85,7400.0,199074.5
2024-01-09 10:40:00,26.86,26.88,26.86,26.88,1600.0,42989.0
2024-01-09 10:41:00,26.88,26.9,26.86,26.9,34400.0,925187.0
2024-01-09 10:42:00,26.86,26.86,26.83,26.85,8900.0,238686.5
2024-01-09 10:43:00,26.85,26.85,26.85,26.85,1400.0,37590.0
2024-01-09 10:44:00,26.84,26.84,26.84,26.84,5000.0,134200.0
2024-01-09 10:45:00,26.84,26.84,26.83,26.83,2500.0,67085.0
2024-01-09 10:46:00,26.83,26.83,26.83,26.83,2100.0,56344.0
2024-01-09 10:47:00,26.83,26.83,26.82,26.83,5000.0,134142.0
2024-01-09 10:48:00,26.83,26.83,26.81,26.81,5200.0,139456.0
2024-01-09 10:49:00,26.81,26.82,26.81,26.82,3000.0,80447.0
2024-01-09 10:50:00,26.81,26.81,26.81,26.81,3600.0,96516.0
2024-01-09 10:51:00,26.8,26.8,26.79,26.79,11100.0,297490.0
2024-01-09 10:52:00,26.79,26.8,26.75,26.75,16600.0,444596.0
2024-01-09 10:53:00,26.75,26.75,26.71,26.71,11000.0,294155.0
2024-01-09 10:54:00,26.71,26.71,26.7,26.71,5700.0,152202.0
2024-01-09 10:55:00,26.71,26.71,26.69,26.69,9400.0,250983.0
2024-01-09 10:56:00,26.69,26.69,26.68,26.68,3900.0,104072.0
2024-01-09 10:57:00,26.68,26.69,26.68,26.69,3800.0,101409.0
2024-01-09 10:58:00,26.69,26.7,26.69,26.7,1600.0,42709.0
2024-01-09 10:59:00,26.68,26.68,26.68,26.68,7200.0,192102.0
2024-01-09 11:00:00,26.69,26.69,26.68,26.68,200.0,5337.0
2024-01-09 11:01:00,26.68,26.68,26.67,26.67,4500.0,120054.0
2024-01-09 11:02:00,26.67,26.67,26.61,26.63,14700.0,391814.0
2024-01-09 11:03:00,26.6,26.6,26.6,26.6,9000.0,239419.0
2024-01-09 11:04:00,26.6,26.62,26.6,26.6,7300.0,194189.0
2024-01-09 11:05:00,26.61,26.62,26.61,26.62,1600.0,42581.0
2024-01-09 11:06:00,26.61,26.61,26.61,26.61,1500.0,39917.0
2024-01-09 11:07:00,26.61,26.61,26.6,26.61,7400.0,196863.0
2024-01-09 11:08:00,26.62,26.62,26.61,26.62,3500.0,93152.0
2024-01-09 11:09:00,26.62,26.65,26.62,26.62,23900.0,636237.0
2024-01-09 11:10:00,26.62,26.63,26.62,26.63,15000.0,399264.0
2024-01-09 11:11:00,26.65,26.66,26.65,26.66,1800.0,47971.0
2024-01-09 11:12:00,26.67,26.68,26.67,26.68,3300.0,88009.0
2024-01-09 11:13:00,26.69,26.7,26.69,26.69,5600.0,149511.0
2024-01-09 11:14:00,26.69,26.7,26.68,26.7,6100.0,162766.0
2024-01-09 11:15:00,26.7,26.7,26.7,26.7,2100.0,56071.0
2024-01-09 11:16:00,26.7,26.7,26.68,26.68,3800.0,101400.0
2024-01-09 11:17:00,26.68,26.68,26.68,26.68,3100.0,82708.0
2024-01-09 11:18:00,26.68,26.7,26.68,26.68,3500.0,93382.0
2024-01-09 11:19:00,26.68,26.68,26.68,26.68,200.0,5336.0
2024-01-09 11:20:00,26.7,26.7,26.68,26.68,1700.0,45377.0
2024-01-09 11:21:00,26.68,26.7,26.68,26.68,14300.0,382568.40625
2024-01-09 11:22:00,26.69,26.69,26.69,26.69,2800.0,74732.0
2024-01-09 11:23:00,26.68,26.68,26.68,26.68,100.0,2668.0
2024-01-09 11:24:00,26.69,26.69,26.69,26.69,4200.0,112098.0
2024-01-09 11:25:00,26.69,26.69,26.69,26.69,200.0,5338.0
2024-01-09 11:26:00,26.69,26.69,26.68,26.68,5400.0,144092.0
2024-01-09 11:27:00,26.69,26.69,26.68,26.68,3400.0,89913.6015625
2024-01-09 11:28:00,26.67,26.67,26.66,26.66,1100.0,29328.0
2024-01-09 11:29:00,26.66,26.66,26.65,26.65,1600.0,42649.0
2024-01-09 11:30:00,26.65,26.65,26.65,26.65,5900.0,157235.0
2024-01-09 13:01:00,26.64,26.64,26.62,26.63,12000.0,319632.0
2024-01-09 13:02:00,26.62,26.62,26.59,26.59,7900.0,210178.0
2024-01-09 13:03:00,26.59,26.59,26.58,26.58,10600.0,281783.0
2024-01-09 13:04:00,26.58,26.58,26.58,26.58,400.0,10632.0
2024-01-09 13:05:00,26.58,26.58,26.57,26.57,7200.0,191346.0
2024-01-09 13:06:00,26.57,26.58,26.57,26.58,13800.0,366675.0
2024-01-09 13:07:00,26.58,26.58,26.58,26.58,3200.0,85056.0
2024-01-09 13:08:00,26.58,26.58,26.58,26.58,5400.0,143532.0
2024-01-09 13:09:00,26.58,26.6,26.58,26.58,1600.0,42534.0
2024-01-09 13:10:00,26.57,26.57,26.56,26.56,5700.0,151429.0
2024-01-09 13:11:00,26.56,26.58,26.56,26.58,600.0,15940.0
2024-01-09 13:12:00,26.58,26.58,26.58,26.58,1800.0,47844.0
2024-01-09 13:13:00,26.56,26.56,26.54,26.54,10000.0,265575.0
2024-01-09 13:14:00,26.54,26.55,26.53,26.55,10200.0,270658.0
2024-01-09 13:15:00,26.53,26.54,26.51,26.52,12200.0,323576.0
2024-01-09 13:16:00,26.51,26.51,26.51,26.51,500.0,13255.0
2024-01-09 13:17:00,26.51,26.52,26.48,26.48,23400.0,620094.0
2024-01-09 13:18:00,26.46,26.46,26.41,26.41,14800.0,393007.6875
2024-01-09 13:19:00,26.41,26.49,26.41,26.46,4100.0,108444.0
2024-01-09 13:20:00,26.46,26.46,26.43,26.43,1700.0,44937.0
2024-01-09 13:21:00,26.43,26.46,26.42,26.46,5300.0,140118.0
2024-01-09 13:22:00,26.43,26.43,26.43,26.43,900.0,23788.0
2024-01-09 13:23:00,26.43,26.43,26.43,26.43,3300.0,87219.0
2024-01-09 13:24:00,26.43,26.43,26.35,26.36,52100.0,1375569.0
2024-01-09 13:25:00,26.35,26.36,26.35,26.35,12400.0,326754.0
2024-01-09 13:26:00,26.35,26.35,26.32,26.34,10600.0,279118.0
2024-01-09 13:27:00,26.34,26.35,26.33,26.33,2400.0,63214.0
2024-01-09 13:28:00,26.33,26.35,26.33,26.35,1600.0,42150.0
2024-01-09 13:29:00,26.34,26.35,26.34,26.35,4000.0,105377.0
2024-01-09 13:30:00,26.34,26.34,26.32,26.32,7200.0,189582.0
2024-01-09 13:31:00,26.3,26.32,26.29,26.3,16100.0,423452.0
2024-01-09 13:32:00,26.29,26.34,26.29,26.33,55300.0,1453966.0
2024-01-09 13:33:00,26.3,26.3,26.29,26.29,11600.0,305060.0
2024-01-09 13:34:00,26.29,26.33,26.29,26.33,9100.0,239365.0
2024-01-09 13:35:00,26.34,26.36,26.34,26.36,1500.0,39518.0
2024-01-09 13:36:00,26.39,26.39,26.38,26.38,4500.0,118750.0
2024-01-09 13:37:00,26.37,26.37,26.34,26.36,5300.0,139972.5
2024-01-09 13:38:00,26.36,26.36,26.36,26.36,700.0,18457.0
2024-01-09 13:39:00,26.36,26.36,26.35,26.35,1900.0,49811.3984375
2024-01-09 13:40:00,26.34,26.35,26.34,26.34,2800.0,73772.0
2024-01-09 13:41:00,26.35,26.36,26.35,26.36,3400.0,89612.0
2024-01-09 13:42:00,26.38,26.42,26.38,26.4,7900.0,208467.0
2024-01-09 13:43:00,26.36,26.36,26.36,26.36,1700.0,44827.0
2024-01-09 13:44:00,26.39,26.39,26.36,26.37,2600.0,68601.0
2024-01-09 13:45:00,26.37,26.38,26.37,26.38,4200.0,110766.0
2024-01-09 13:46:00,26.37,26.37,26.35,26.36,15100.0,397994.0
2024-01-09 13:47:00,26.37,26.37,26.35,26.35,5300.0,139658.0
2024-01-09 13:48:00,26.34,26.35,26.34,26.34,12500.0,329279.0
2024-01-09 13:49:00,26.35,26.37,26.34,26.37,2700.0,71155.0
2024-01-09 13:50:00,26.35,26.37,26.35,26.37,1200.0,31636.0
2024-01-09 13:51:00,26.37,26.37,26.35,26.35,1600.0,42183.0
2024-01-09 13:52:00,26.37,26.39,26.37,26.39,1600.0,42209.0
2024-01-09 13:53:00,26.38,26.38,26.38,26.38,2000.0,52759.0
2024-01-09 13:54:00,26.36,26.36,26.36,26.36,6600.0,174027.0
2024-01-09 13:55:00,26.36,26.38,26.36,26.38,8700.0,229390.0
2024-01-09 13:56:00,26.39,26.4,26.35,26.35,13600.0,358498.0
2024-01-09 13:57:00,26.38,26.38,26.35,26.35,900.0,23739.0
2024-01-09 13:58:00,26.36,26.36,26.34,26.34,8200.0,216078.0
2024-01-09 13:59:00,26.33,26.33,26.31,26.31,6800.0,178957.0
2024-01-09 14:00:00,26.32,26.32,26.26,26.26,24700.0,649545.0
2024-01-09 14:01:00,26.26,26.26,26.25,26.25,8200.0,215279.0
2024-01-09 14:02:00,26.25,26.25,26.21,26.22,14600.0,382912.0
2024-01-09 14:03:00,26.22,26.22,26.21,26.22,17600.0,461685.09375
2024-01-09 14:04:00,26.24,26.24,26.22,26.22,7400.0,194127.0
2024-01-09 14:05:00,26.22,26.23,26.22,26.22,2900.0,76056.0
2024-01-09 14:06:00,26.22,26.26,26.22,26.26,15000.0,393526.0
2024-01-09 14:07:00,26.26,26.26,26.25,26.25,3100.0,81405.0
2024-01-09 14:08:00,26.26,26.26,26.23,26.23,3900.0,102340.0
2024-01-09 14:09:00,26.23,26.28,26.23,26.25,9200.0,241604.0
2024-01-09 14:10:00,26.29,26.33,26.29,26.33,5500.0,144627.0
2024-01-09 14:11:00,26.33,26.34,26.33,26.34,2500.0,65823.0
2024-01-09 14:12:00,26.35,26.36,26.35,26.35,6300.0,166013.0
2024-01-09 14:13:00,26.35,26.35,26.34,26.34,16000.0,421559.0
2024-01-09 14:14:00,26.35,26.35,26.33,26.34,6400.0,168549.0
2024-01-09 14:15:00,26.3,26.3,26.29,26.3,9700.0,255107.0
2024-01-09 14:16:00,26.29,26.35,26.29,26.35,8900.0,234208.0
2024-01-09 14:17:00,26.35,26.35,26.34,26.34,1800.0,47421.0
2024-01-09 14:18:00,26.34,26.34,26.34,26.34,600.0,15804.0
2024-01-09 14:19:00,26.34,26.35,26.33,26.35,4900.0,129061.0
2024-01-09 14:20:00,26.35,26.39,26.35,26.39,11500.0,303055.0
2024-01-09 14:21:00,26.4,26.45,26.4,26.45,5600.0,147905.0
2024-01-09 14:22:00,26.46,26.47,26.42,26.47,13200.0,349026.0
2024-01-09 14:23:00,26.5,26.5,26.5,26.5,1900.0,50350.0
2024-01-09 14:24:00,26.53,26.53,26.5,26.5,5400.0,143168.0
2024-01-09 14:25:00,26.5,26.5,26.5,26.5,1200.0,31800.0
2024-01-09 14:26:00,26.49,26.5,26.47,26.47,7900.0,209264.0
2024-01-09 14:27:00,26.47,26.47,26.45,26.45,3600.0,95281.0
2024-01-09 14:28:00,26.44,26.44,26.43,26.43,5500.0,145427.0
2024-01-09 14:29:00,26.43,26.43,26.43,26.43,200.0,5286.0
2024-01-09 14:30:00,26.48,26.49,26.44,26.44,4300.0,113872.0
2024-01-09 14:31:00,26.48,26.48,26.47,26.48,4800.0,127098.0
2024-01-09 14:32:00,26.48,26.51,26.48,26.51,9800.0,259592.0
2024-01-09 14:33:00,26.51,26.52,26.5,26.52,8500.0,225329.0
2024-01-09 14:34:00,26.52,26.52,26.51,26.51,10500.0,278454.0
2024-01-09 14:35:00,26.52,26.61,26.52,26.56,14300.0,378799.0
2024-01-09 14:36:00,26.59,26.6,26.56,26.59,7400.0,196978.59375
2024-01-09 14:37:00,26.6,26.6,26.56,26.56,6800.0,180834.0
2024-01-09 14:38:00,26.58,26.58,26.56,26.56,1600.0,42509.0
2024-01-09 14:39:00,26.58,26.59,26.5,26.59,14200.0,376844.40625
2024-01-09 14:40:00,26.51,26.58,26.49,26.49,5600.0,148684.0
2024-01-09 14:41:00,26.52,26.56,26.51,26.56,7000.0,185874.0
2024-01-09 14:42:00,26.58,26.58,26.49,26.49,13500.0,358622.0
2024-01-09 14:43:00,26.49,26.55,26.49,26.55,2400.0,63708.0
2024-01-09 14:44:00,26.49,26.56,26.49,26.55,7700.0,204432.0
2024-01-09 14:45:00,26.54,26.55,26.54,26.55,7400.0,196452.0
2024-01-09 14:46:00,26.51,26.51,26.5,26.51,2200.0,58316.0
2024-01-09 14:47:00,26.5,26.56,26.49,26.49,6800.0,180330.0
2024-01-09 14:48:00,26.49,26.55,26.49,26.5,16000.0,424150.0
2024-01-09 14:49:00,26.51,26.55,26.51,26.55,8200.0,217499.0
2024-01-09 14:50:00,26.55,26.58,26.55,26.57,11400.0,301516.5
2024-01-09 14:51:00,26.58,26.58,26.52,26.58,12900.0,342800.0
2024-01-09 14:52:00,26.58,26.59,26.52,26.58,13400.0,356058.0
2024-01-09 14:53:00,26.54,26.58,26.54,26.54,13800.0,366674.0
2024-01-09 14:54:00,26.54,26.54,26.5,26.5,14000.0,371184.0
2024-01-09 14:55:00,26.51,26.57,26.5,26.57,15200.0,402874.0
2024-01-09 14:56:00,26.51,26.57,26.51,26.53,8900.0,237846.203125
2024-01-09 14:57:00,26.53,26.53,26.49,26.51,35700.0,946583.0
2024-01-09 14:58:00,26.51,26.51,26.51,26.51,0.0,0.0
2024-01-09 14:59:00,26.51,26.51,26.51,26.51,0.0,0.0
2024-01-09 15:00:00,26.51,26.51,26.51,26.51,17800.0,471878.0
2024-01-10 09:31:00,26.5,26.5,26.11,26.2,58200.0,1528597.0
2024-01-10 09:32:00,26.2,26.26,26.15,26.26,23000.0,602900.0
2024-01-10 09:33:00,26.26,26.26,26.15,26.2,23400.0,613114.0
2024-01-10 09:34:00,26.29,26.29,26.16,26.27,12600.0,330157.0
2024-01-10 09:35:00,26.15,26.27,26.13,26.16,25100.0,656547.0
2024-01-10 09:36:00,26.12,26.21,26.11,26.14,22300.0,582654.0
2024-01-10 09:37:00,26.12,26.19,26.1,26.17,28400.0,742058.0
2024-01-10 09:38:00,26.19,26.23,26.15,26.18,20600.0,539609.0
2024-01-10 09:39:00,26.18,26.33,26.18,26.33,21200.0,556554.0
2024-01-10 09:40:00,26.23,26.29,26.17,26.17,9600.0,251401.0
2024-01-10 09:41:00,26.17,26.24,26.17,26.24,5600.0,146283.9375
2024-01-10 09:42:00,26.19,26.2,26.15,26.15,16800.0,440071.4375
2024-01-10 09:43:00,26.19,26.23,26.16,26.19,16600.0,433709.78125
2024-01-10 09:44:00,26.12,26.16,26.08,26.08,34200.0,892870.0
2024-01-10 09:45:00,26.07,26.09,25.97,26.01,44300.0,1152575.0
2024-01-10 09:46:00,26.0,26.03,25.93,25.96,71800.0,1863856.0
2024-01-10 09:47:00,25.94,26.0,25.94,25.99,37800.0,981700.0
2024-01-10 09:48:00,26.0,26.02,25.96,26.0,11400.0,296338.0
2024-01-10 09:49:00,26.0,26.13,26.0,26.04,30800.0,801680.0
2024-01-10 09:50:00,26.04,26.1,26.03,26.04,11000.0,286488.0
2024-01-10 09:51:00,26.05,26.05,26.04,26.05,7000.0,182333.0
2024-01-10 09:52:00,26.05,26.08,25.98,25.99,33300.0,866543.0
2024-01-10 09:53:00,25.99,25.99,25.95,25.99,44700.0,1160913.0
2024-01-10 09:54:00,25.97,26.05,25.97,26.05,20300.0,527879.0
2024-01-10 09:55:00,25.99,26.05,25.97,25.99,21800.0,566915.0
2024-01-10 09:56:00,25.98,26.08,25.97,26.08,10400.0,270318.0
2024-01-10 09:57:00,26.06,26.08,26.0,26.01,22500.0,586731.0
2024-01-10 09:58:00,26.0,26.08,26.0,26.08,19000.0,494400.0
2024-01-10 09:59:00,26.02,26.08,26.02,26.08,10800.0,281395.0
2024-01-10 10:00:00,26.08,26.08,26.06,26.06,6500.0,169509.0
2024-01-10 10:01:00,26.05,26.2,26.05,26.2,32000.0,834504.5625
2024-01-10 10:02:00,26.19,26.24,26.19,26.24,16700.0,438264.71875
2024-01-10 10:03:00,26.25,26.28,26.23,26.24,3700.0,97134.0
2024-01-10 10:04:00,26.24,26.29,26.24,26.27,11400.0,299473.0
2024-01-10 10:05:00,26.25,26.25,26.14,26.14,8400.0,220211.0
2024-01-10 10:06:00,26.14,26.21,26.14,26.14,8200.0,214541.0
2024-01-10 10:07:00,26.14,26.2,26.14,26.2,5000.0,130944.0
2024-01-10 10:08:00,26.2,26.28,26.2,26.23,2800.0,73486.0
2024-01-10 10:09:00,26.21,26.23,26.15,26.23,5600.0,146695.0
2024-01-10 10:10:00,26.15,26.18,26.15,26.18,3900.0,102076.0
2024-01-10 10:11:00,26.18,26.19,26.18,26.19,3000.0,78545.0
2024-01-10 10:12:00,26.19,26.19,26.12,26.12,8300.0,217024.0
2024-01-10 10:13:00,26.12,26.12,26.09,26.09,8500.0,221839.0
2024-01-10 10:14:00,26.08,26.08,26.04,26.08,6000.0,156364.0
2024-01-10 10:15:00,26.04,26.15,26.04,26.15,27100.0,706906.8125
2024-01-10 10:16:00,26.22,26.22,26.16,26.22,4600.0,120530.0
2024-01-10 10:17:00,26.22,26.38,26.22,26.38,25500.0,669636.0
2024-01-10 10:18:00,26.39,26.41,26.34,26.4,28600.0,754659.0
2024-01-10 10:19:00,26.41,26.49,26.4,26.49,10800.0,285646.0
2024-01-10 10:20:00,26.45,26.45,26.4,26.4,5100.0,134786.0
2024-01-10 10:21:00,26.4,26.41,26.4,26.41,8400.0,221772.0
2024-01-10 10:22:00,26.39,26.41,26.32,26.32,7500.0,197741.0
2024-01-10 10:23:00,26.38,26.39,26.38,26.39,3400.0,89183.3984375
2024-01-10 10:24:00,26.38,26.4,26.38,26.4,2700.0,71766.0
2024-01-10 10:25:00,26.33,26.34,26.33,26.33,3200.0,84257.0
2024-01-10 10:26:00,26.29,26.39,26.27,26.29,17500.0,460134.0
2024-01-10 10:27:00,26.26,26.35,26.26,26.34,4700.0,123532.0
2024-01-10 10:28:00,26.34,26.34,26.28,26.28,700.0,18402.0
2024-01-10 10:29:00,26.31,26.31,26.31,26.31,1100.0,28941.0
2024-01-10 10:30:00,26.3,26.3,26.28,26.28,3900.0,102516.0
2024-01-10 10:31:00,26.27,26.27,26.27,26.27,4200.0,110334.0
2024-01-10 10:32:00,26.27,26.28,26.27,26.28,1300.0,34152.0
2024-01-10 10:33:00,26.29,26.39,26.29,26.34,6900.0,181526.0
2024-01-10 10:34:00,26.38,26.38,26.37,26.38,1400.0,36928.0
2024-01-10 10:35:00,26.37,26.39,26.37,26.38,1800.0,47485.0
2024-01-10 10:36:00,26.38,26.38,26.38,26.38,400.0,10552.0
2024-01-10 10:37:00,26.34,26.34,26.31,26.31,9500.0,250121.0
2024-01-10 10:38:00,26.33,26.36,26.31,26.36,1800.0,47395.0
2024-01-10 10:39:00,26.35,26.36,26.31,26.36,2200.0,57962.0
2024-01-10 10:40:00,26.36,26.42,26.36,26.42,18700.0,491869.21875
2024-01-10 10:41:00,26.45,26.49,26.38,26.38,5000.0,134204.59375
2024-01-10 10:42:00,26.38,26.38,26.38,26.38,0.0,0.0
2024-01-10 10:43:00,26.36,26.42,26.36,26.42,3600.0,94966.0
2024-01-10 10:44:00,26.38,26.45,26.38,26.45,600.0,15860.0
2024-01-10 10:45:00,26.44,26.44,26.38,26.38,3500.0,92491.0
2024-01-10 10:46:00,26.38,26.4,26.38,26.4,3000.0,79157.0
2024-01-10 10:47:00,26.4,26.44,26.4,26.44,1200.0,31693.0
2024-01-10 10:48:00,26.44,26.45,26.4,26.4,5700.0,150702.0
2024-01-10 10:49:00,26.4,26.45,26.38,26.41,3300.0,87150.0
2024-01-10 10:50:00,26.34,26.41,26.34,26.41,3400.0,89608.0
2024-01-10 10:51:00,26.34,26.34,26.33,26.33,3100.0,81636.0
2024-01-10 10:52:00,26.33,26.39,26.31,26.33,3900.0,102686.0
2024-01-10 10:53:00,26.32,26.33,26.31,26.31,1200.0,31585.0
2024-01-10 10:54:00,26.31,26.31,26.29,26.31,6100.0,160471.0
2024-01-10 10:55:00,26.29,26.29,26.28,26.28,2300.0,60445.0
2024-01-10 10:56:00,26.26,26.28,26.26,26.28,2000.0,52528.0
2024-01-10 10:57:00,26.28,26.28,26.28,26.28,400.0,10512.0
2024-01-10 10:58:00,26.29,26.29,26.29,26.29,800.0,19586.05078125
2024-01-10 10:59:00,26.29,26.33,26.29,26.3,3100.0,81533.0
2024-01-10 11:00:00,26.29,26.29,26.29,26.29,1200.0,32993.94921875
2024-01-10 11:01:00,26.28,26.28,26.28,26.28,1300.0,34165.0
2024-01-10 11:02:00,26.26,26.26,26.22,26.22,2500.0,65605.0
2024-01-10 11:03:00,26.22,26.25,26.22,26.25,800.0,20984.0
2024-01-10 11:04:00,26.23,26.29,26.23,26.29,1400.0,36754.0
2024-01-10 11:05:00,26.23,26.28,26.23,26.23,8600.0,225635.0
2024-01-10 11:06:00,26.23,26.23,26.23,26.23,400.0,10492.0
2024-01-10 11:07:00,26.23,26.23,26.21,26.22,5700.0,149456.0
2024-01-10 11:08:00,26.22,26.22,26.21,26.21,2800.0,73403.0
2024-01-10 11:09:00,26.22,26.22,26.17,26.17,7700.0,201739.0
2024-01-10 11:10:00,26.17,26.21,26.16,26.17,26000.0,680389.0
2024-01-10 11:11:00,26.18,26.21,26.18,26.21,7500.0,196405.0
2024-01-10 11:12:00,26.21,26.21,26.21,26.21,8100.0,212301.0
2024-01-10 11:13:00,26.21,26.21,26.19,26.21,900.0,23583.0
2024-01-10 11:14:00,26.21,26.21,26.21,26.21,0.0,0.0
2024-01-10 11:15:00,26.18,26.21,26.18,26.21,4200.0,109998.0
2024-01-10 11:16:00,26.19,26.21,26.19,26.21,800.0,20954.0
2024-01-10 11:17:00,26.21,26.21,26.18,26.21,3700.0,96951.0
2024-01-10 11:18:00,26.18,26.18,26.18,26.18,1600.0,41888.0
2024-01-10 11:19:00,26.17,26.17,26.17,26.17,900.0,23553.0
2024-01-10 11:20:00,26.16,26.18,26.16,26.18,2800.0,73262.0
2024-01-10 11:21:00,26.2,26.2,26.18,26.2,13300.0,348248.0
2024-01-10 11:22:00,26.21,26.21,26.2,26.2,2600.0,66954.1015625
2024-01-10 11:23:00,26.33,26.33,26.23,26.23,3500.0,92021.6015625
2024-01-10 11:24:00,26.22,26.23,26.22,26.22,1700.0,44584.0
2024-01-10 11:25:00,26.22,26.22,26.22,26.22,0.0,0.0
2024-01-10 11:26:00,26.16,26.29,26.16,26.16,6600.0,172901.0
2024-01-10 11:27:00,26.21,26.21,26.16,26.21,1400.0,36664.0
2024-01-10 11:28:00,26.21,26.21,26.21,26.21,100.0,2621.0
2024-01-10 11:29:00,26.2,26.2,26.2,26.2,100.0,2620.0
2024-01-10 11:30:00,26.16,26.16,26.16,26.16,600.0,15696.0
2024-01-10 13:01:00,26.15,26.2,26.15,26.17,10300.0,269509.0
2024-01-10 13:02:00,26.2,26.21,26.2,26.21,300.0,7863.0
2024-01-10 13:03:00,26.17,26.17,26.17,26.17,600.0,15702.0
2024-01-10 13:04:00,26.18,26.18,26.18,26.18,200.0,5236.0
2024-01-10 13:05:00,26.17,26.18,26.17,26.18,2200.0,57594.0
2024-01-10 13:06:00,26.2,26.21,26.2,26.21,1400.0,36687.0
2024-01-10 13:07:00,26.21,26.21,26.2,26.2,1100.0,28822.0
2024-01-10 13:08:00,26.19,26.19,26.18,26.18,800.0,20945.0
2024-01-10 13:09:00,26.18,26.18,26.17,26.17,3800.0,99470.0
2024-01-10 13:10:00,26.17,26.17,26.17,26.17,800.0,20936.0
2024-01-10 13:11:00,26.16,26.16,26.15,26.15,500.0,13077.0
2024-01-10 13:12:00,26.15,26.15,26.15,26.15,600.0,15690.0
2024-01-10 13:13:00,26.15,26.15,26.15,26.15,1100.0,28765.0
2024-01-10 13:14:00,26.14,26.15,26.14,26.14,3100.0,81049.0
2024-01-10 13:15:00,26.14,26.15,26.14,26.15,2100.0,54899.80078125
2024-01-10 13:16:00,26.14,26.15,26.14,26.15,1800.0,47580.0
2024-01-10 13:17:00,26.15,26.15,26.14,26.14,900.0,23011.0
2024-01-10 13:18:00,26.14,26.14,26.13,26.13,7000.0,182976.0
2024-01-10 13:19:00,26.13,26.13,26.13,26.13,6200.0,162006.0
2024-01-10 13:20:00,26.11,26.11,26.09,26.09,12300.0,321149.0
2024-01-10 13:21:00,26.06,26.09,26.04,26.04,10500.0,273471.0
2024-01-10 13:22:00,26.03,26.03,26.02,26.02,7600.0,197811.0
2024-01-10 13:23:00,26.02,26.06,26.02,26.06,3100.0,80708.0
2024-01-10 13:24:00,26.06,26.06,26.02,26.02,4700.0,122365.0
2024-01-10 13:25:00,26.03,26.03,26.0,26.01,12600.0,327771.0
2024-01-10 13:26:00,26.01,26.01,26.01,26.01,0.0,0.0
2024-01-10 13:27:00,26.01,26.01,26.0,26.0,20100.0,522639.0
2024-01-10 13:28:00,26.0,26.0,26.0,26.0,200.0,5200.0
2024-01-10 13:29:00,26.0,26.0,25.95,25.95,11300.0,293504.0
2024-01-10 13:30:00,25.97,25.97,25.97,25.97,1000.0,25970.0
2024-01-10 13:31:00,25.97,26.01,25.97,26.01,16000.0,417824.59375
2024-01-10 13:32:00,26.01,26.01,26.01,26.01,1300.0,33812.0
2024-01-10 13:33:00,26.01,26.01,25.99,26.0,2300.0,59801.0
2024-01-10 13:34:00,25.99,26.0,25.99,26.0,2800.0,72783.0
2024-01-10 13:35:00,26.0,26.0,25.99,25.99,2000.0,51999.0
2024-01-10 13:36:00,25.99,25.99,25.98,25.98,8100.0,210508.0
2024-01-10 13:37:00,25.98,25.98,25.97,25.97,8800.0,228559.0
2024-01-10 13:38:00,25.97,25.99,25.96,25.96,7000.0,181770.0
2024-01-10 13:39:00,25.96,25.99,25.96,25.96,16500.0,428388.0
2024-01-10 13:40:00,25.97,25.97,25.96,25.96,1400.0,36355.0
2024-01-10 13:41:00,25.97,25.98,25.97,25.98,6600.0,171404.0
2024-01-10 13:42:00,25.98,25.98,25.98,25.98,3600.0,93528.0
2024-01-10 13:43:00,25.98,25.99,25.96,25.96,15300.0,395930.0
2024-01-10 13:44:00,25.99,25.99,25.99,25.99,1300.0,33787.0
2024-01-10 13:45:00,25.98,25.98,25.98,25.98,300.0,7794.0
2024-01-10 13:46:00,25.98,25.98,25.98,25.98,1700.0,44165.0
2024-01-10 13:47:00,25.97,25.99,25.97,25.99,3800.0,98703.0
2024-01-10 13:48:00,26.0,26.01,25.97,26.0,11800.0,306674.0
2024-01-10 13:49:00,26.0,26.0,25.99,26.0,2300.0,59795.0
2024-01-10 13:50:00,26.01,26.01,26.01,26.01,500.0,13003.0
2024-01-10 13:51:00,26.01,26.03,26.01,26.03,1200.0,31231.0
2024-01-10 13:52:00,26.01,26.01,26.01,26.01,2100.0,54623.0
2024-01-10 13:53:00,26.0,26.0,25.99,25.99,4500.0,116995.0
2024-01-10 13:54:00,25.99,25.99,25.98,25.98,2200.0,56119.80078125
2024-01-10 13:55:00,25.99,25.99,25.98,25.98,2000.0,51973.0
2024-01-10 13:56:00,26.0,26.0,25.99,26.0,2900.0,75380.0
2024-01-10 13:57:00,25.98,26.05,25.98,26.05,7600.0,198415.296875
2024-01-10 13:58:00,26.05,26.05,26.05,26.05,900.0,23445.0
2024-01-10 13:59:00,26.06,26.06,26.05,26.05,900.0,23450.0
2024-01-10 14:00:00,26.05,26.05,26.05,26.05,1400.0,36470.0
2024-01-10 14:01:00,26.06,26.07,26.06,26.07,2000.0,52125.0
2024-01-10 14:02:00,26.08,26.08,26.05,26.05,1900.0,49528.0
2024-01-10 14:03:00,26.02,26.02,26.01,26.01,6900.0,179559.0
2024-01-10 14:04:00,26.01,26.01,26.0,26.0,3200.0,83203.0
2024-01-10 14:05:00,26.01,26.02,26.01,26.01,2600.0,67628.0
2024-01-10 14:06:00,26.0,26.0,25.99,25.99,1900.0,49387.0
2024-01-10 14:07:00,25.99,26.01,25.99,26.01,1200.0,31194.0
2024-01-10 14:08:00,26.01,26.01,26.01,26.01,300.0,7803.0
2024-01-10 14:09:00,26.0,26.01,26.0,26.01,3400.0,88406.0
2024-01-10 14:10:00,26.03,26.05,26.03,26.05,4000.0,104149.0
2024-01-10 14:11:00,26.04,26.05,26.04,26.04,3800.0,98978.0
2024-01-10 14:12:00,26.04,26.1,26.02,26.02,4600.0,119816.0
2024-01-10 14:13:00,26.04,26.04,26.03,26.03,2300.0,59894.0
2024-01-10 14:14:00,26.03,26.03,26.03,26.03,1200.0,31236.0
2024-01-10 14:15:00,26.02,26.02,26.0,26.0,6400.0,166442.0
2024-01-10 14:16:00,26.0,26.0,25.98,25.98,4100.0,107585.203125
2024-01-10 14:17:00,25.97,25.97,25.96,25.97,10100.0,262227.0
2024-01-10 14:18:00,25.96,25.96,25.95,25.95,5700.0,147969.0
2024-01-10 14:19:00,25.95,25.97,25.95,25.97,8200.0,212830.0
2024-01-10 14:20:00,25.97,25.97,25.97,25.97,1200.0,31164.0
2024-01-10 14:21:00,25.96,25.97,25.95,25.95,4000.0,103825.0
2024-01-10 14:22:00,25.95,25.96,25.95,25.95,24900.0,646189.0
2024-01-10 14:23:00,25.95,25.96,25.94,25.94,5000.0,129718.0
2024-01-10 14:24:00,25.94,25.94,25.94,25.94,0.0,0.0
2024-01-10 14:25:00,25.95,25.95,25.93,25.93,5100.0,132286.0
2024-01-10 14:26:00,25.93,25.94,25.9,25.9,19500.0,505338.0
2024-01-10 14:27:00,25.9,25.9,25.89,25.89,16500.0,427343.0
2024-01-10 14:28:00,25.88,25.89,25.87,25.87,14200.0,367556.0
2024-01-10 14:29:00,25.86,25.86,25.84,25.84,12800.0,330889.0
2024-01-10 14:30:00,25.8,25.84,25.8,25.84,45600.0,1175281.0
2024-01-10 14:31:00,25.81,25.86,25.81,25.86,15700.0,405628.0
2024-01-10 14:32:00,25.87,25.87,25.85,25.85,4100.0,106038.0
2024-01-10 14:33:00,25.85,25.87,25.85,25.85,4900.0,126695.0
2024-01-10 14:34:00,25.85,25.85,25.84,25.85,8100.0,211683.59375
2024-01-10 14:35:00,25.84,25.85,25.83,25.83,3700.0,95620.1015625
2024-01-10 14:36:00,25.83,25.84,25.82,25.82,12100.0,312498.09375
2024-01-10 14:37:00,25.83,25.87,25.83,25.87,16800.0,433718.0
2024-01-10 14:38:00,25.87,25.87,25.85,25.85,3800.0,98260.0
2024-01-10 14:39:00,25.85,25.85,25.82,25.82,6500.0,167922.0
2024-01-10 14:40:00,25.87,25.89,25.87,25.88,42000.0,1084547.25
2024-01-10 14:41:00,25.88,25.88,25.86,25.88,17600.0,455222.0
2024-01-10 14:42:00,25.88,25.89,25.88,25.89,2800.0,72471.0
2024-01-10 14:43:00,25.9,25.9,25.89,25.89,3900.0,100986.0
2024-01-10 14:44:00,25.89,25.89,25.88,25.89,9000.0,234559.5625
2024-01-10 14:45:00,25.88,25.9,25.88,25.9,1900.0,49198.0
2024-01-10 14:46:00,25.89,25.89,25.85,25.85,6200.0,158824.4375
2024-01-10 14:47:00,25.85,25.85,25.84,25.84,12100.0,314261.40625
2024-01-10 14:48:00,25.85,25.88,25.85,25.85,17700.0,457778.0
2024-01-10 14:49:00,25.85,25.85,25.83,25.83,15700.0,404182.59375
2024-01-10 14:50:00,25.83,25.83,25.8,25.81,52800.0,1362634.0
2024-01-10 14:51:00,25.81,25.81,25.77,25.77,31700.0,819491.0
2024-01-10 14:52:00,25.77,25.78,25.75,25.76,46500.0,1197677.75
2024-01-10 14:53:00,25.76,25.76,25.74,25.74,35800.0,921843.125
2024-01-10 14:54:00,25.75,25.75,25.73,25.73,38500.0,990986.4375
2024-01-10 14:55:00,25.72,25.74,25.71,25.72,31100.0,800033.0
2024-01-10 14:56:00,25.72,25.72,25.7,25.71,32700.0,840689.0
2024-01-10 14:57:00,25.71,25.74,25.71,25.72,33100.0,851289.0
2024-01-10 14:58:00,25.72,25.72,25.72,25.72,0.0,0.0
2024-01-10 14:59:00,25.72,25.72,25.72,25.72,0.0,0.0
2024-01-10 15:00:00,25.72,25.72,25.72,25.72,30300.0,779316.0
2024-01-11 09:31:00,25.62,25.85,25.61,25.85,27400.0,703046.0
2024-01-11 09:32:00,25.87,25.91,25.85,25.91,16800.0,434839.0
2024-01-11 09:33:00,25.92,25.95,25.9,25.9,31000.0,803845.0
2024-01-11 09:34:00,25.9,26.0,25.9,26.0,41300.0,1072182.0
2024-01-11 09:35:00,26.0,26.06,25.99,25.99,20900.0,543767.0
2024-01-11 09:36:00,25.99,26.07,25.99,26.0,39000.0,1015498.0
2024-01-11 09:37:00,25.99,26.0,25.91,25.95,8600.0,223354.0
2024-01-11 09:38:00,25.94,26.0,25.9,25.98,20700.0,537180.0
2024-01-11 09:39:00,25.98,25.98,25.95,25.95,14200.0,368734.0
2024-01-11 09:40:00,25.93,25.97,25.93,25.97,13100.0,339989.0
2024-01-11 09:41:00,25.96,26.05,25.96,26.05,24100.0,626698.0
2024-01-11 09:42:00,26.05,26.09,26.05,26.05,16600.0,432837.0
2024-01-11 09:43:00,26.05,26.2,26.04,26.2,52400.0,1368927.125
2024-01-11 09:44:00,26.14,26.18,26.14,26.17,33600.0,879053.0
2024-01-11 09:45:00,26.11,26.12,26.09,26.11,19300.0,503692.0
2024-01-11 09:46:00,26.11,26.14,26.11,26.12,13200.0,344876.0
2024-01-11 09:47:00,26.11,26.19,26.11,26.18,48300.0,1263077.0
2024-01-11 09:48:00,26.2,26.25,26.19,26.23,59700.0,1565214.25
2024-01-11 09:49:00,26.24,26.3,26.22,26.28,62200.0,1633312.75
2024-01-11 09:50:00,26.28,26.37,26.28,26.33,23300.0,613755.0
2024-01-11 09:51:00,26.4,26.4,26.34,26.34,26600.0,701290.0
2024-01-11 09:52:00,26.34,26.39,26.34,26.39,32600.0,859198.0
2024-01-11 09:53:00,26.41,26.47,26.41,26.47,43000.0,1137091.25
2024-01-11 09:54:00,26.48,26.48,26.46,26.47,21100.0,558520.0
2024-01-11 09:55:00,26.5,26.55,26.49,26.54,86300.0,2288438.0
2024-01-11 09:56:00,26.53,26.55,26.46,26.47,28800.0,763614.0
2024-01-11 09:57:00,26.45,26.45,26.41,26.41,34000.0,899079.0
2024-01-11 09:58:00,26.42,26.42,26.37,26.37,20900.0,551572.0
2024-01-11 09:59:00,26.36,26.43,26.36,26.4,39800.0,1050379.0
2024-01-11 10:00:00,26.4,26.4,26.31,26.31,20900.0,550521.0
2024-01-11 10:01:00,26.32,26.39,26.32,26.38,32500.0,855620.0
2024-01-11 10:02:00,26.38,26.46,26.38,26.45,28900.0,763493.0
2024-01-11 10:03:00,26.45,26.46,26.41,26.41,22900.0,605516.0
2024-01-11 10:04:00,26.44,26.44,26.4,26.4,9300.0,245676.0
2024-01-11 10:05:00,26.4,26.41,26.37,26.38,14000.0,369596.0
2024-01-11 10:06:00,26.38,26.44,26.37,26.44,40400.0,1066578.0
2024-01-11 10:07:00,26.44,26.48,26.44,26.45,25300.0,669622.0
2024-01-11 10:08:00,26.46,26.48,26.46,26.48,17200.0,455399.0
2024-01-11 10:09:00,26.47,26.5,26.47,26.47,12300.0,325767.0
2024-01-11 10:10:00,26.5,26.53,26.49,26.51,23600.0,625523.0
2024-01-11 10:11:00,26.49,26.49,26.43,26.43,11700.0,309822.0
2024-01-11 10:12:00,26.42,26.42,26.36,26.36,7600.0,200706.0
2024-01-11 10:13:00,26.36,26.38,26.36,26.37,1400.0,36919.0
2024-01-11 10:14:00,26.38,26.4,26.37,26.4,2900.0,76532.0
2024-01-11 10:15:00,26.41,26.43,26.41,26.43,9200.0,241648.203125
2024-01-11 10:16:00,26.43,26.46,26.43,26.44,4100.0,108402.0
2024-01-11 10:17:00,26.43,26.43,26.42,26.42,2800.0,75095.640625
2024-01-11 10:18:00,26.4,26.48,26.4,26.45,7600.0,199776.359375
2024-01-11 10:19:00,26.43,26.45,26.43,26.45,2200.0,58179.0
2024-01-11 10:20:00,26.47,26.47,26.43,26.43,3500.0,92578.0
2024-01-11 10:21:00,26.42,26.44,26.41,26.41,1200.0,31707.0
2024-01-11 10:22:00,26.41,26.41,26.38,26.38,3000.0,79193.0
2024-01-11 10:23:00,26.38,26.4,26.37,26.4,3700.0,97591.0
2024-01-11 10:24:00,26.39,26.39,26.37,26.37,1200.0,31657.0
2024-01-11 10:25:00,26.36,26.36,26.32,26.32,3000.0,79019.0
2024-01-11 10:26:00,26.32,26.32,26.31,26.32,4700.0,123672.0
2024-01-11 10:27:00,26.32,26.37,26.32,26.37,2300.0,60617.0
2024-01-11 10:28:00,26.36,26.37,26.32,26.32,5900.0,155482.0
2024-01-11 10:29:00,26.32,26.32,26.31,26.31,3800.0,100009.0
2024-01-11 10:30:00,26.34,26.34,26.34,26.34,2500.0,65850.0
2024-01-11 10:31:00,26.34,26.39,26.34,26.38,6100.0,160734.0
2024-01-11 10:32:00,26.39,26.39,26.38,26.38,1300.0,34297.0
2024-01-11 10:33:00,26.39,26.4,26.39,26.4,1100.0,29037.0
2024-01-11 10:34:00,26.4,26.4,26.38,26.38,2600.0,68613.0
2024-01-11 10:35:00,26.38,26.38,26.38,26.38,1600.0,42196.0
2024-01-11 10:36:00,26.35,26.37,26.34,26.35,6800.0,179207.0
2024-01-11 10:37:00,26.35,26.35,26.34,26.34,5400.0,142239.0
2024-01-11 10:38:00,26.33,26.33,26.32,26.32,8500.0,223770.0
2024-01-11 10:39:00,26.32,26.33,26.32,26.33,2000.0,55024.69921875
2024-01-11 10:40:00,26.32,26.32,26.32,26.32,2200.0,57908.0
2024-01-11 10:41:00,26.33,26.33,26.33,26.33,200.0,5266.0
2024-01-11 10:42:00,26.32,26.33,26.28,26.28,29700.0,781309.0
2024-01-11 10:43:00,26.28,26.28,26.23,26.23,11600.0,304637.0
2024-01-11 10:44:00,26.22,26.23,26.16,26.22,19100.0,500173.0
2024-01-11 10:45:00,26.23,26.23,26.22,26.23,6500.0,170521.0
2024-01-11 10:46:00,26.26,26.3,26.26,26.3,1300.0,34176.0
2024-01-11 10:47:00,26.3,26.35,26.3,26.3,3800.0,99953.0
2024-01-11 10:48:00,26.29,26.29,26.26,26.26,1300.0,34166.0
2024-01-11 10:49:00,26.27,26.27,26.25,26.25,7400.0,194288.0
2024-01-11 10:50:00,26.25,26.26,26.25,26.26,8200.0,215282.0
2024-01-11 10:51:00,26.29,26.29,26.29,26.29,200.0,5258.0
2024-01-11 10:52:00,26.26,26.26,26.26,26.26,2400.0,63020.0
2024-01-11 10:53:00,26.25,26.26,26.25,26.26,14600.0,383251.0
2024-01-11 10:54:00,26.24,26.26,26.24,26.26,2000.0,52497.0
2024-01-11 10:55:00,26.24,26.24,26.2,26.2,1300.0,34086.0
2024-01-11 10:56:00,26.2,26.2,26.16,26.16,13100.0,342917.0
2024-01-11 10:57:00,26.17,26.19,26.17,26.19,4400.0,115164.0
2024-01-11 10:58:00,26.19,26.2,26.18,26.18,3400.0,89041.0
2024-01-11 10:59:00,26.17,26.17,26.14,26.17,9000.0,235432.0
2024-01-11 11:00:00,26.17,26.17,26.17,26.17,9000.0,234902.09375
2024-01-11 11:01:00,26.19,26.19,26.18,26.18,1300.0,34041.0
2024-01-11 11:02:00,26.18,26.2,26.17,26.2,19900.0,519546.09375
2024-01-11 11:03:00,26.21,26.21,26.2,26.2,6000.0,157222.0
2024-01-11 11:04:00,26.2,26.26,26.2,26.26,4800.0,125958.0
2024-01-11 11:05:00,26.26,26.33,26.26,26.33,4800.0,126292.0
2024-01-11 11:06:00,26.33,26.38,26.33,26.38,5800.0,152774.0
2024-01-11 11:07:00,26.4,26.4,26.31,26.31,4900.0,129293.0
2024-01-11 11:08:00,26.37,26.37,26.33,26.36,600.0,15813.0
2024-01-11 11:09:00,26.32,26.32,26.32,26.32,1900.0,50008.0
2024-01-11 11:10:00,26.34,26.38,26.34,26.38,8800.0,231935.0
2024-01-11 11:11:00,26.37,26.4,26.37,26.37,10800.0,284859.0
2024-01-11 11:12:00,26.38,26.38,26.37,26.37,2400.0,63305.0
2024-01-11 11:13:00,26.37,26.37,26.36,26.36,1200.0,31640.0
2024-01-11 11:14:00,26.35,26.35,26.34,26.34,1700.0,44792.0
2024-01-11 11:15:00,26.35,26.36,26.35,26.36,1200.0,31619.0
2024-01-11 11:16:00,26.32,26.34,26.31,26.34,23800.0,626429.0
2024-01-11 11:17:00,26.32,26.33,26.31,26.33,4200.0,110543.0
2024-01-11 11:18:00,26.33,26.33,26.3,26.3,1800.0,47368.0
2024-01-11 11:19:00,26.32,26.32,26.32,26.32,1700.0,44744.0
2024-01-11 11:20:00,26.33,26.37,26.33,26.36,6600.0,173883.0
2024-01-11 11:21:00,26.36,26.36,26.36,26.36,3600.0,95555.0
2024-01-11 11:22:00,26.36,26.4,26.36,26.4,4800.0,126606.0
2024-01-11 11:23:00,26.37,26.4,26.37,26.4,1400.0,36945.0
2024-01-11 11:24:00,26.4,26.41,26.4,26.4,9300.0,245543.0
2024-01-11 11:25:00,26.4,26.4,26.39,26.39,2000.0,52789.0
2024-01-11 11:26:00,26.39,26.39,26.38,26.38,600.0,15832.0
2024-01-11 11:27:00,26.39,26.39,26.39,26.39,300.0,7916.0
2024-01-11 11:28:00,26.39,26.42,26.39,26.42,23900.0,631005.0
2024-01-11 11:29:00,26.43,26.44,26.4,26.4,13100.0,346207.0
2024-01-11 11:30:00,26.4,26.4,26.39,26.39,1900.0,50148.0
2024-01-11 13:01:00,26.39,26.39,26.35,26.38,7000.0,184785.28125
2024-01-11 13:02:00,26.38,26.39,26.38,26.38,2500.0,65957.0
2024-01-11 13:03:00,26.39,26.42,26.38,26.42,12700.0,335221.0
2024-01-11 13:04:00,26.41,26.43,26.41,26.43,13000.0,343438.0
2024-01-11 13:05:00,26.43,26.43,26.42,26.43,13500.0,356755.0
2024-01-11 13:06:00,26.43,26.43,26.42,26.42,3300.0,87192.0
2024-01-11 13:07:00,26.41,26.43,26.41,26.42,9000.0,237755.0
2024-01-11 13:08:00,26.43,26.45,26.43,26.44,11400.0,301342.0
2024-01-11 13:09:00,26.45,26.45,26.44,26.44,2900.0,76700.0
2024-01-11 13:10:00,26.44,26.46,26.44,26.46,6800.0,179847.0
2024-01-11 13:11:00,26.47,26.5,26.47,26.5,14700.0,389394.0
2024-01-11 13:12:00,26.5,26.52,26.5,26.52,27800.0,736726.0
2024-01-11 13:13:00,26.52,26.52,26.46,26.5,16700.0,442514.0
2024-01-11 13:14:00,26.47,26.49,26.47,26.48,35900.0,950576.0
2024-01-11 13:15:00,26.48,26.49,26.48,26.49,2900.0,76813.0
2024-01-11 13:16:00,26.47,26.48,26.47,26.47,3900.0,103242.0
2024-01-11 13:17:00,26.48,26.48,26.46,26.46,4100.0,108526.0
2024-01-11 13:18:00,26.46,26.48,26.46,26.47,4000.0,105871.0
2024-01-11 13:19:00,26.47,26.48,26.47,26.47,5300.0,140306.0
2024-01-11 13:20:00,26.47,26.47,26.47,26.47,2900.0,76763.0
2024-01-11 13:21:00,26.48,26.48,26.47,26.47,5700.0,150920.0
2024-01-11 13:22:00,26.46,26.46,26.44,26.44,2900.0,76719.0
2024-01-11 13:23:00,26.42,26.42,26.38,26.38,8100.0,214818.59375
2024-01-11 13:24:00,26.4,26.4,26.36,26.36,3700.0,97614.0
2024-01-11 13:25:00,26.36,26.36,26.36,26.36,300.0,7908.0
2024-01-11 13:26:00,26.39,26.39,26.39,26.39,200.0,5278.0
2024-01-11 13:27:00,26.39,26.39,26.39,26.39,300.0,7917.0
2024-01-11 13:28:00,26.4,26.4,26.39,26.39,700.0,18474.0
2024-01-11 13:29:00,26.39,26.43,26.39,26.43,3300.0,87170.0
2024-01-11 13:30:00,26.39,26.4,26.39,26.4,4000.0,105599.0
2024-01-11 13:31:00,26.43,26.46,26.43,26.46,3600.0,95193.0
2024-01-11 13:32:00,26.46,26.46,26.45,26.45,600.0,15872.0
2024-01-11 13:33:00,26.43,26.43,26.43,26.43,400.0,10572.0
2024-01-11 13:34:00,26.43,26.43,26.4,26.4,2900.0,76606.0
2024-01-11 13:35:00,26.4,26.4,26.4,26.4,700.0,18480.0
2024-01-11 13:36:00,26.4,26.41,26.4,26.4,900.0,23762.0
2024-01-11 13:37:00,26.39,26.41,26.39,26.41,3000.0,79180.0
2024-01-11 13:38:00,26.41,26.42,26.4,26.42,3800.0,100364.0
2024-01-11 13:39:00,26.42,26.46,26.42,26.46,16100.0,425766.15625
2024-01-11 13:40:00,26.47,26.49,26.47,26.49,13700.0,362738.0
2024-01-11 13:41:00,26.48,26.48,26.45,26.45,1400.0,37063.0
2024-01-11 13:42:00,26.46,26.47,26.46,26.47,1100.0,29115.0
2024-01-11 13:43:00,26.48,26.48,26.46,26.46,1200.0,31767.0
2024-01-11 13:44:00,26.47,26.47,26.46,26.46,2000.0,52937.0
2024-01-11 13:45:00,26.47,26.47,26.46,26.46,2700.0,71461.0
2024-01-11 13:46:00,26.46,26.46,26.46,26.46,900.0,23814.0
2024-01-11 13:47:00,26.47,26.5,26.47,26.5,13100.0,347016.0
2024-01-11 13:48:00,26.5,26.51,26.5,26.51,40600.0,1075925.0
2024-01-11 13:49:00,26.51,26.54,26.51,26.54,24300.0,642947.625
2024-01-11 13:50:00,26.54,26.54,26.53,26.53,8600.0,228177.0
2024-01-11 13:51:00,26.53,26.53,26.53,26.53,1500.0,39795.0
2024-01-11 13:52:00,26.53,26.53,26.51,26.51,8200.0,217470.0
2024-01-11 13:53:00,26.51,26.51,26.5,26.5,800.0,22665.05078125
2024-01-11 13:54:00,26.51,26.51,26.5,26.5,4100.0,108689.0
2024-01-11 13:55:00,26.51,26.51,26.5,26.5,400.0,10601.0
2024-01-11 13:56:00,26.51,26.51,26.5,26.5,1800.0,47701.0
2024-01-11 13:57:00,26.48,26.48,26.46,26.46,1300.0,34406.0
2024-01-11 13:58:00,26.45,26.46,26.44,26.44,3700.0,97863.0
2024-01-11 13:59:00,26.44,26.46,26.44,26.45,3300.0,87295.0
2024-01-11 14:00:00,26.47,26.49,26.47,26.49,3800.0,100597.0
2024-01-11 14:01:00,26.49,26.49,26.48,26.48,300.0,7945.0
2024-01-11 14:02:00,26.47,26.47,26.47,26.47,7000.0,185290.0
2024-01-11 14:03:00,26.46,26.46,26.45,26.45,5000.0,132291.0
2024-01-11 14:04:00,26.45,26.45,26.44,26.44,1500.0,39662.0
2024-01-11 14:05:00,26.44,26.44,26.4,26.42,7000.0,184960.0
2024-01-11 14:06:00,26.44,26.44,26.44,26.44,6800.0,179664.0
2024-01-11 14:07:00,26.44,26.44,26.38,26.38,3000.0,79207.0
2024-01-11 14:08:00,26.43,26.43,26.41,26.41,2300.0,60745.0
2024-01-11 14:09:00,26.41,26.42,26.41,26.41,2100.0,55468.0
2024-01-11 14:10:00,26.41,26.41,26.4,26.41,800.0,21122.0
2024-01-11 14:11:00,26.41,26.42,26.41,26.42,2900.0,76594.0
2024-01-11 14:12:00,26.41,26.41,26.4,26.4,2000.0,52818.0
2024-01-11 14:13:00,26.4,26.4,26.39,26.39,7000.0,184785.0
2024-01-11 14:14:00,26.39,26.39,26.39,26.39,2900.0,76531.0
2024-01-11 14:15:00,26.4,26.4,26.39,26.4,3200.0,84468.0
2024-01-11 14:16:00,26.41,26.44,26.41,26.44,7600.0,200781.0
2024-01-11 14:17:00,26.43,26.43,26.42,26.42,700.0,18498.0
2024-01-11 14:18:00,26.42,26.42,26.42,26.42,1900.0,50198.0
2024-01-11 14:19:00,26.43,26.43,26.42,26.42,1400.0,36989.0
2024-01-11 14:20:00,26.43,26.44,26.42,26.44,1300.0,34364.0
2024-01-11 14:21:00,26.46,26.46,26.46,26.46,500.0,13227.0
2024-01-11 14:22:00,26.44,26.44,26.43,26.43,1200.0,31723.0
2024-01-11 14:23:00,26.43,26.43,26.43,26.43,300.0,7929.0
2024-01-11 14:24:00,26.43,26.43,26.42,26.43,3600.0,95131.0
2024-01-11 14:25:00,26.42,26.42,26.42,26.42,200.0,5284.0
2024-01-11 14:26:00,26.43,26.44,26.43,26.44,5300.0,140106.0
2024-01-11 14:27:00,26.44,26.45,26.43,26.45,4500.0,118987.0
2024-01-11 14:28:00,26.44,26.45,26.44,26.44,800.0,21154.0
2024-01-11 14:29:00,26.45,26.45,26.43,26.43,2400.0,63459.0
2024-01-11 14:30:00,26.43,26.45,26.43,26.45,2400.0,63458.0
2024-01-11 14:31:00,26.44,26.44,26.43,26.43,1700.0,44936.0
2024-01-11 14:32:00,26.44,26.45,26.44,26.44,4000.0,105761.0
2024-01-11 14:33:00,26.44,26.44,26.44,26.44,1000.0,26440.0
2024-01-11 14:34:00,26.43,26.44,26.43,26.44,400.0,10573.0
2024-01-11 14:35:00,26.43,26.44,26.43,26.43,7200.0,190321.0
2024-01-11 14:36:00,26.43,26.44,26.42,26.42,4000.0,105716.0
2024-01-11 14:37:00,26.42,26.47,26.41,26.47,39400.0,1039498.75
2024-01-11 14:38:00,26.45,26.47,26.45,26.47,900.0,23812.0
2024-01-11 14:39:00,26.46,26.47,26.45,26.47,6500.0,171958.0
2024-01-11 14:40:00,26.45,26.45,26.45,26.45,7800.0,206310.0
2024-01-11 14:41:00,26.44,26.46,26.43,26.46,17200.0,454926.6875
2024-01-11 14:42:00,26.46,26.46,26.45,26.46,11300.0,298942.0
2024-01-11 14:43:00,26.54,26.55,26.54,26.54,75200.0,1994996.0
2024-01-11 14:44:00,26.54,26.55,26.52,26.52,7500.0,199018.0
2024-01-11 14:45:00,26.5,26.52,26.5,26.52,2500.0,66293.0
2024-01-11 14:46:00,26.51,26.51,26.5,26.5,2300.0,60951.0
2024-01-11 14:47:00,26.51,26.51,26.5,26.51,4100.0,108677.0
2024-01-11 14:48:00,26.52,26.52,26.5,26.5,3300.0,87470.0
2024-01-11 14:49:00,26.5,26.51,26.5,26.5,2400.0,63603.0
2024-01-11 14:50:00,26.51,26.51,26.51,26.51,6500.0,172315.0
2024-01-11 14:51:00,26.51,26.54,26.51,26.54,23800.0,631257.0
2024-01-11 14:52:00,26.54,26.54,26.51,26.54,20000.0,530709.0
2024-01-11 14:53:00,26.53,26.55,26.53,26.54,10900.0,290496.3125
2024-01-11 14:54:00,26.54,26.55,26.54,26.54,10300.0,273408.0
2024-01-11 14:55:00,26.55,26.55,26.54,26.55,33200.0,881404.0
2024-01-11 14:56:00,26.55,26.57,26.55,26.56,29100.0,771744.0
2024-01-11 14:57:00,26.57,26.57,26.55,26.56,20600.0,547196.0
2024-01-11 14:58:00,26.56,26.56,26.56,26.56,0.0,0.0
2024-01-11 14:59:00,26.56,26.56,26.56,26.56,0.0,0.0
2024-01-11 15:00:00,26.57,26.57,26.57,26.57,26200.0,696134.0
2024-01-12 09:31:00,26.53,26.78,26.52,26.74,47400.0,1261959.875
2024-01-12 09:32:00,26.78,26.83,26.78,26.83,34500.0,924455.0
2024-01-12 09:33:00,26.8,26.86,26.75,26.75,24400.0,654106.0
2024-01-12 09:34:00,26.75,26.79,26.75,26.79,19500.0,521925.0
2024-01-12 09:35:00,26.81,26.9,26.81,26.82,88700.0,2381380.0
2024-01-12 09:36:00,26.83,26.88,26.77,26.85,41000.0,1099487.25
2024-01-12 09:37:00,26.79,26.95,26.79,26.94,33600.0,904099.0
2024-01-12 09:38:00,26.94,26.96,26.91,26.91,36300.0,977863.375
2024-01-12 09:39:00,26.91,26.91,26.88,26.9,11400.0,306602.0
2024-01-12 09:40:00,26.93,26.95,26.89,26.9,32900.0,885557.625
2024-01-12 09:41:00,26.88,26.95,26.88,26.93,75000.0,2016255.0
2024-01-12 09:42:00,26.94,26.98,26.93,26.96,46900.0,1264057.0
2024-01-12 09:43:00,26.96,26.96,26.9,26.93,16400.0,441505.0
2024-01-12 09:44:00,26.92,26.92,26.86,26.88,31800.0,854995.0
2024-01-12 09:45:00,26.86,26.88,26.86,26.88,4000.0,107466.0
2024-01-12 09:46:00,26.88,26.88,26.8,26.83,34300.0,921123.0
2024-01-12 09:47:00,26.82,26.88,26.78,26.88,29700.0,796408.0
2024-01-12 09:48:00,26.88,26.89,26.87,26.87,12800.0,344111.0
2024-01-12 09:49:00,26.89,26.9,26.88,26.9,7700.0,207062.0
2024-01-12 09:50:00,26.87,26.9,26.87,26.88,12100.0,325258.0
2024-01-12 09:51:00,26.88,26.88,26.85,26.85,13600.0,365319.0
2024-01-12 09:52:00,26.85,26.86,26.85,26.86,1400.0,37596.0
2024-01-12 09:53:00,26.87,26.89,26.87,26.87,12400.0,332176.46875
2024-01-12 09:54:00,26.86,26.86,26.85,26.85,3500.0,94017.0
2024-01-12 09:55:00,26.86,26.88,26.86,26.87,10400.0,279414.0
2024-01-12 09:56:00,26.87,26.88,26.82,26.82,29000.0,778789.0
2024-01-12 09:57:00,26.81,26.81,26.77,26.78,11200.0,300015.0
2024-01-12 09:58:00,26.78,26.8,26.78,26.79,15900.0,425935.0
2024-01-12 09:59:00,26.79,26.79,26.73,26.74,33700.0,902053.0
2024-01-12 10:00:00,26.74,26.76,26.73,26.76,14200.0,379652.0
2024-01-12 10:01:00,26.73,26.76,26.72,26.73,17600.0,470599.0
2024-01-12 10:02:00,26.73,26.75,26.72,26.75,5800.0,155069.0
2024-01-12 10:03:00,26.77,26.85,26.77,26.84,14900.0,399500.59375
2024-01-12 10:04:00,26.82,26.82,26.78,26.81,11500.0,308239.0
2024-01-12 10:05:00,26.81,26.94,26.81,26.93,48900.0,1314624.0
2024-01-12 10:06:00,26.94,26.94,26.92,26.94,22200.0,597772.0
2024-01-12 10:07:00,26.93,26.94,26.92,26.93,17700.0,476675.0
2024-01-12 10:08:00,26.95,26.98,26.95,26.96,55000.0,1482987.375
2024-01-12 10:09:00,26.97,26.97,26.92,26.93,22600.0,608922.0
2024-01-12 10:10:00,26.92,26.97,26.92,26.97,19900.0,536560.0
2024-01-12 10:11:00,26.97,26.98,26.93,26.93,19700.0,531083.0
2024-01-12 10:12:00,26.93,26.93,26.92,26.92,6600.0,177685.0
2024-01-12 10:13:00,26.91,26.92,26.9,26.92,16700.0,449357.0
2024-01-12 10:14:00,26.92,26.92,26.92,26.92,1500.0,40380.0
2024-01-12 10:15:00,26.9,26.9,26.9,26.9,200.0,5380.0
2024-01-12 10:16:00,26.89,26.89,26.87,26.88,3100.0,83349.0
2024-01-12 10:17:00,26.89,26.9,26.89,26.89,2300.0,61850.0
2024-01-12 10:18:00,26.89,26.9,26.88,26.88,14300.0,384422.0
2024-01-12 10:19:00,26.87,26.9,26.87,26.9,2500.0,67200.0
2024-01-12 10:20:00,26.88,26.9,26.88,26.9,3100.0,83384.0
2024-01-12 10:21:00,26.89,26.9,26.89,26.9,2200.0,59166.0
2024-01-12 10:22:00,26.9,26.9,26.89,26.89,10000.0,268999.0
2024-01-12 10:23:00,26.9,26.9,26.89,26.89,2600.0,69934.0
2024-01-12 10:24:00,26.9,26.9,26.9,26.9,1200.0,32280.0
2024-01-12 10:25:00,26.9,26.9,26.89,26.9,1800.0,48419.0
2024-01-12 10:26:00,26.9,26.9,26.9,26.9,500.0,13450.0
2024-01-12 10:27:00,26.9,26.9,26.87,26.88,24900.0,669397.0
2024-01-12 10:28:00,26.87,26.88,26.87,26.88,3400.0,91360.0
2024-01-12 10:29:00,26.88,26.88,26.87,26.88,1300.0,34943.0
2024-01-12 10:30:00,26.88,26.89,26.86,26.89,3900.0,104841.0
2024-01-12 10:31:00,26.89,26.89,26.88,26.88,6400.0,173305.59375
2024-01-12 10:32:00,26.88,26.89,26.88,26.88,6400.0,170835.40625
2024-01-12 10:33:00,26.88,26.88,26.85,26.85,11900.0,319725.0
2024-01-12 10:34:00,26.85,26.86,26.85,26.85,3600.0,95869.5
2024-01-12 10:35:00,26.85,26.86,26.83,26.83,3300.0,89402.5
2024-01-12 10:36:00,26.84,26.84,26.82,26.82,8600.0,230744.0
2024-01-12 10:37:00,26.8,26.8,26.79,26.79,6600.0,176873.0
2024-01-12 10:38:00,26.79,26.82,26.78,26.8,12200.0,326810.0
2024-01-12 10:39:00,26.81,26.82,26.81,26.82,2100.0,56315.0
2024-01-12 10:40:00,26.82,26.83,26.81,26.83,2100.0,56464.1015625
2024-01-12 10:41:00,26.83,26.83,26.82,26.83,1800.0,48292.0
2024-01-12 10:42:00,26.83,26.83,26.82,26.82,2100.0,56207.8984375
2024-01-12 10:43:00,26.83,26.83,26.82,26.82,1600.0,42925.0
2024-01-12 10:44:00,26.83,26.83,26.81,26.81,3200.0,85833.0
2024-01-12 10:45:00,26.83,26.84,26.83,26.84,2700.0,72443.0
2024-01-12 10:46:00,26.84,26.85,26.84,26.85,1900.0,51004.0
2024-01-12 10:47:00,26.84,26.85,26.84,26.85,1700.0,44835.5
2024-01-12 10:48:00,26.85,26.85,26.82,26.82,7200.0,194004.5
2024-01-12 10:49:00,26.82,26.83,26.82,26.83,1700.0,45595.0
2024-01-12 10:50:00,26.83,26.83,26.82,26.83,2700.0,72432.0
2024-01-12 10:51:00,26.83,26.83,26.81,26.81,3200.0,85852.0
2024-01-12 10:52:00,26.82,26.82,26.81,26.81,4000.0,107264.0
2024-01-12 10:53:00,26.8,26.82,26.8,26.82,3300.0,88464.0
2024-01-12 10:54:00,26.83,26.84,26.83,26.84,3300.0,88551.0
2024-01-12 10:55:00,26.84,26.86,26.84,26.86,1600.0,42964.0
2024-01-12 10:56:00,26.86,26.86,26.85,26.85,1600.0,42968.0
2024-01-12 10:57:00,26.86,26.86,26.86,26.86,2800.0,75208.0
2024-01-12 10:58:00,26.86,26.86,26.85,26.86,2400.0,64454.0
2024-01-12 10:59:00,26.86,26.86,26.85,26.85,4700.0,126211.0
2024-01-12 11:00:00,26.84,26.85,26.83,26.84,3200.0,85899.0
2024-01-12 11:01:00,26.83,26.83,26.81,26.81,4800.0,128743.0
2024-01-12 11:02:00,26.8,26.82,26.8,26.82,7200.0,193029.0
2024-01-12 11:03:00,26.82,26.83,26.8,26.82,2800.0,75094.0
2024-01-12 11:04:00,26.8,26.8,26.78,26.78,7000.0,187576.0
2024-01-12 11:05:00,26.78,26.79,26.78,26.79,6100.0,163380.0
2024-01-12 11:06:00,26.79,26.8,26.79,26.8,1500.0,40187.0
2024-01-12 11:07:00,26.77,26.78,26.77,26.77,4100.0,109772.0
2024-01-12 11:08:00,26.77,26.79,26.77,26.78,2300.0,61599.0
2024-01-12 11:09:00,26.79,26.79,26.77,26.79,5300.0,141956.0
2024-01-12 11:10:00,26.79,26.79,26.78,26.78,1400.0,37498.0
2024-01-12 11:11:00,26.78,26.78,26.78,26.78,13000.0,348169.0
2024-01-12 11:12:00,26.79,26.8,26.76,26.76,6700.0,179397.0
2024-01-12 11:13:00,26.75,26.75,26.73,26.73,6800.0,181823.0
2024-01-12 11:14:00,26.72,26.74,26.72,26.72,12300.0,328769.0
2024-01-12 11:15:00,26.72,26.76,26.72,26.76,1400.0,37423.0
2024-01-12 11:16:00,26.76,26.76,26.76,26.76,2800.0,74928.0
2024-01-12 11:17:00,26.77,26.77,26.77,26.77,2800.0,74956.0
2024-01-12 11:18:00,26.78,26.79,26.77,26.77,7600.0,203530.0
2024-01-12 11:19:00,26.77,26.79,26.75,26.75,11200.0,299790.0
2024-01-12 11:20:00,26.75,26.76,26.74,26.76,7700.0,205961.0
2024-01-12 11:21:00,26.77,26.77,26.76,26.76,1600.0,42831.0
2024-01-12 11:22:00,26.76,26.76,26.75,26.76,6100.0,163200.0
2024-01-12 11:23:00,26.76,26.76,26.71,26.72,13700.0,366228.0
2024-01-12 11:24:00,26.73,26.74,26.73,26.74,3000.0,80213.0
2024-01-12 11:25:00,26.75,26.75,26.74,26.74,3200.0,85593.0
2024-01-12 11:26:00,26.75,26.76,26.75,26.76,3400.0,90964.0
2024-01-12 11:27:00,26.77,26.77,26.77,26.77,3400.0,91018.0
2024-01-12 11:28:00,26.77,26.77,26.76,26.76,8800.0,235571.0
2024-01-12 11:29:00,26.76,26.78,26.76,26.78,4500.0,120473.0
2024-01-12 11:30:00,26.77,26.77,26.76,26.76,7800.0,208750.0
2024-01-12 13:01:00,26.76,26.76,26.71,26.71,8900.0,237946.0
2024-01-12 13:02:00,26.71,26.72,26.7,26.7,9700.0,259054.0
2024-01-12 13:03:00,26.72,26.74,26.72,26.74,4800.0,129364.203125
2024-01-12 13:04:00,26.76,26.82,26.76,26.82,2200.0,58948.0
2024-01-12 13:05:00,26.82,26.82,26.78,26.78,16100.0,431301.1875
2024-01-12 13:06:00,26.78,26.86,26.78,26.85,10100.0,270866.0
2024-01-12 13:07:00,26.88,26.9,26.87,26.9,8700.0,233839.0
2024-01-12 13:08:00,26.89,26.89,26.86,26.88,10700.0,287577.0
2024-01-12 13:09:00,26.88,26.89,26.88,26.88,8600.0,229925.109375
2024-01-12 13:10:00,26.9,26.92,26.9,26.91,24400.0,656476.0
2024-01-12 13:11:00,26.91,26.95,26.91,26.94,21000.0,566809.875
2024-01-12 13:12:00,26.95,27.03,26.95,27.02,97500.0,2629813.5
2024-01-12 13:13:00,27.04,27.04,27.0,27.01,25000.0,675600.0
2024-01-12 13:14:00,26.99,27.03,26.99,27.02,17600.0,475389.0
2024-01-12 13:15:00,27.03,27.03,27.0,27.0,6900.0,186335.0
2024-01-12 13:16:00,27.0,27.0,27.0,27.0,7400.0,199800.0
2024-01-12 13:17:00,27.0,27.0,26.98,26.98,9000.0,242905.0
2024-01-12 13:18:00,26.97,26.98,26.96,26.96,4900.0,132151.0
2024-01-12 13:19:00,26.95,26.95,26.92,26.92,2100.0,56580.0
2024-01-12 13:20:00,26.95,26.98,26.95,26.98,6100.0,164516.0
2024-01-12 13:21:00,26.99,26.99,26.94,26.98,19300.0,520550.0
2024-01-12 13:22:00,26.97,26.98,26.97,26.98,2200.0,59338.0
2024-01-12 13:23:00,26.96,26.98,26.96,26.96,6500.0,175318.0
2024-01-12 13:24:00,26.94,26.95,26.93,26.94,4200.0,113161.0
2024-01-12 13:25:00,26.94,26.94,26.94,26.94,2600.0,70043.0
2024-01-12 13:26:00,26.94,26.94,26.92,26.93,6300.0,169693.0
2024-01-12 13:27:00,26.93,26.95,26.92,26.95,18400.0,495290.0
2024-01-12 13:28:00,26.94,26.98,26.94,26.98,10000.0,269727.0
2024-01-12 13:29:00,26.98,27.0,26.98,26.99,5300.0,143039.0
2024-01-12 13:30:00,26.99,27.0,26.98,27.0,6400.0,172785.0
2024-01-12 13:31:00,27.0,27.0,26.97,27.0,13200.0,356302.0
2024-01-12 13:32:00,27.01,27.01,26.99,26.99,8400.0,226798.0
2024-01-12 13:33:00,27.0,27.01,27.0,27.0,4500.0,121511.0
2024-01-12 13:34:00,27.02,27.02,27.0,27.02,18100.0,488874.8125
2024-01-12 13:35:00,27.02,27.02,27.01,27.01,7000.0,189130.796875
2024-01-12 13:36:00,27.02,27.05,27.02,27.05,10300.0,278971.59375
2024-01-12 13:37:00,27.05,27.05,27.02,27.03,13800.0,373017.0
2024-01-12 13:38:00,27.03,27.03,27.0,27.02,4600.0,124292.0
2024-01-12 13:39:00,27.01,27.01,26.92,27.0,10900.0,294079.0
2024-01-12 13:40:00,26.99,27.01,26.99,27.01,6100.0,164677.0
2024-01-12 13:41:00,27.01,27.01,26.96,26.96,9000.0,242914.0
2024-01-12 13:42:00,26.98,26.99,26.95,26.99,8600.0,231885.0
2024-01-12 13:43:00,26.94,26.97,26.94,26.94,5700.0,153621.0
2024-01-12 13:44:00,26.93,26.93,26.9,26.9,6700.0,180402.0
2024-01-12 13:45:00,26.9,26.92,26.9,26.91,5800.0,156093.0
2024-01-12 13:46:00,26.92,26.92,26.92,26.92,6400.0,172254.0
2024-01-12 13:47:00,26.9,26.91,26.9,26.91,7000.0,188326.0
2024-01-12 13:48:00,26.91,26.91,26.89,26.91,5600.0,150679.0
2024-01-12 13:49:00,26.91,26.91,26.91,26.91,2700.0,72655.0
2024-01-12 13:50:00,26.91,26.91,26.89,26.89,9800.0,263609.0
2024-01-12 13:51:00,26.89,26.91,26.89,26.91,4400.0,118336.0
2024-01-12 13:52:00,26.91,26.91,26.88,26.89,9200.0,247405.0
2024-01-12 13:53:00,26.89,26.89,26.86,26.89,25300.0,678848.5625
2024-01-12 13:54:00,26.9,26.91,26.89,26.91,7400.0,199086.0
2024-01-12 13:55:00,26.91,26.93,26.9,26.92,4200.0,113070.0
2024-01-12 13:56:00,26.93,26.94,26.93,26.93,7800.0,210070.0
2024-01-12 13:57:00,26.94,26.98,26.94,26.98,4700.0,126721.0
2024-01-12 13:58:00,26.98,26.98,26.95,26.97,5300.0,142951.0
2024-01-12 13:59:00,26.97,26.99,26.97,26.99,5400.0,145685.0
2024-01-12 14:00:00,26.98,26.99,26.96,26.96,6400.0,172599.0
2024-01-12 14:01:00,26.96,26.98,26.96,26.98,5300.0,142896.0
2024-01-12 14:02:00,26.94,26.96,26.94,26.96,5100.0,137436.0
2024-01-12 14:03:00,26.94,26.94,26.9,26.9,7500.0,202012.0
2024-01-12 14:04:00,26.92,26.92,26.9,26.9,4800.0,129188.0
2024-01-12 14:05:00,26.9,26.92,26.87,26.92,6300.0,169474.0
2024-01-12 14:06:00,26.94,26.96,26.93,26.93,6400.0,172361.0
2024-01-12 14:07:00,26.92,26.92,26.89,26.92,6600.0,178384.296875
2024-01-12 14:08:00,26.92,26.92,26.91,26.91,6200.0,166081.40625
2024-01-12 14:09:00,26.93,26.95,26.92,26.95,8600.0,232363.59375
2024-01-12 14:10:00,26.97,26.97,26.97,26.97,5500.0,148329.0
2024-01-12 14:11:00,26.98,26.99,26.98,26.99,10100.0,272525.0
2024-01-12 14:12:00,26.97,27.0,26.97,27.0,9300.0,250962.0
2024-01-12 14:13:00,26.98,26.99,26.97,26.99,6100.0,164612.0
2024-01-12 14:14:00,26.99,27.0,26.98,27.0,9700.0,261856.0
2024-01-12 14:15:00,27.0,27.03,27.0,27.02,16100.0,434817.0
2024-01-12 14:16:00,27.03,27.03,27.0,27.0,6400.0,172907.0
2024-01-12 14:17:00,27.0,27.02,27.0,27.01,10600.0,286289.0
2024-01-12 14:18:00,27.02,27.03,27.0,27.0,7700.0,208062.0
2024-01-12 14:19:00,26.99,27.02,26.99,27.02,6300.0,170171.0
2024-01-12 14:20:00,27.03,27.03,27.01,27.02,6000.0,162159.0
2024-01-12 14:21:00,27.01,27.03,27.01,27.03,12900.0,348642.0
2024-01-12 14:22:00,27.03,27.05,27.03,27.05,29500.0,797555.0
2024-01-12 14:23:00,27.05,27.08,27.05,27.08,31700.0,858573.125
2024-01-12 14:24:00,27.09,27.1,27.08,27.09,38700.0,1048258.8125
2024-01-12 14:25:00,27.09,27.14,27.08,27.14,42500.0,1152061.375
2024-01-12 14:26:00,27.13,27.13,27.1,27.1,20800.0,563804.0
2024-01-12 14:27:00,27.1,27.13,27.1,27.13,14700.0,398539.0
2024-01-12 14:28:00,27.13,27.14,27.12,27.13,24100.0,653911.0
2024-01-12 14:29:00,27.13,27.15,27.13,27.14,25000.0,678579.0
2024-01-12 14:30:00,27.15,27.15,27.14,27.15,8100.0,219874.0
2024-01-12 14:31:00,27.14,27.15,27.13,27.13,10700.0,290410.0
2024-01-12 14:32:00,27.15,27.15,27.12,27.12,5700.0,154674.0
2024-01-12 14:33:00,27.14,27.15,27.12,27.15,14600.0,396082.0
2024-01-12 14:34:00,27.14,27.14,27.1,27.1,10300.0,279340.0
2024-01-12 14:35:00,27.1,27.1,27.03,27.05,11700.0,316885.0
2024-01-12 14:36:00,27.05,27.08,27.05,27.08,6200.0,167822.0
2024-01-12 14:37:00,27.06,27.08,27.05,27.05,11500.0,311246.0
2024-01-12 14:38:00,27.05,27.08,27.05,27.06,13700.0,370695.0
2024-01-12 14:39:00,27.04,27.04,26.99,26.99,15400.0,415943.0
2024-01-12 14:40:00,26.97,27.01,26.97,27.01,6800.0,183501.0
2024-01-12 14:41:00,26.98,27.0,26.98,27.0,3500.0,94453.0
2024-01-12 14:42:00,27.0,27.05,27.0,27.05,21400.0,578443.0
2024-01-12 14:43:00,27.05,27.05,27.0,27.04,16000.0,432369.0
2024-01-12 14:44:00,27.0,27.03,27.0,27.02,5700.0,154022.0
2024-01-12 14:45:00,27.01,27.02,26.99,27.0,9600.0,259221.0
2024-01-12 14:46:00,26.99,27.0,26.98,27.0,8600.0,232142.0
2024-01-12 14:47:00,26.99,26.99,26.98,26.98,5300.0,143010.0
2024-01-12 14:48:00,26.99,27.0,26.99,26.99,7600.0,203104.75
2024-01-12 14:49:00,27.0,27.0,26.98,26.99,11300.0,304926.5
2024-01-12 14:50:00,26.98,26.99,26.97,26.97,4700.0,126799.0
2024-01-12 14:51:00,26.97,26.97,26.95,26.95,26400.0,713689.75
2024-01-12 14:52:00,26.95,26.98,26.91,26.97,32500.0,875736.0
2024-01-12 14:53:00,26.96,26.96,26.93,26.94,7900.0,212940.0
2024-01-12 14:54:00,26.95,26.96,26.94,26.95,15500.0,417834.0
2024-01-12 14:55:00,26.96,26.99,26.96,26.99,20300.0,547605.0
2024-01-12 14:56:00,26.99,27.0,26.98,26.98,26100.0,704387.0
2024-01-12 14:57:00,26.99,26.99,26.97,26.97,18500.0,499137.0
2024-01-12 14:58:00,26.97,26.97,26.97,26.97,0.0,0.0
2024-01-12 14:59:00,26.97,26.97,26.97,26.97,0.0,0.0
2024-01-12 15:00:00,27.0,27.0,27.0,27.0,33000.0,891000.0
