trade_time,open,high,low,close,vol,amount
2024-01-02 09:31:00,16.0,16.2,15.88,15.9,93100.0,1485478.0
2024-01-02 09:32:00,15.91,15.94,15.82,15.92,56400.0,895571.0
2024-01-02 09:33:00,15.91,15.95,15.89,15.91,25300.0,402647.0
2024-01-02 09:34:00,15.91,15.97,15.91,15.96,29700.0,473675.0
2024-01-02 09:35:00,15.99,15.99,15.95,15.95,24200.0,386311.0
2024-01-02 09:36:00,15.95,15.96,15.93,15.96,21800.0,347551.0
2024-01-02 09:37:00,15.94,15.97,15.94,15.95,23400.0,373258.0
2024-01-02 09:38:00,15.95,15.96,15.92,15.94,15300.0,243956.0
2024-01-02 09:39:00,15.94,15.95,15.91,15.93,24300.0,387067.0
2024-01-02 09:40:00,15.94,15.94,15.87,15.91,32200.0,512162.875
2024-01-02 09:41:00,15.91,15.92,15.9,15.9,33400.0,531303.0
2024-01-02 09:42:00,15.89,15.93,15.89,15.89,15900.0,252842.0
2024-01-02 09:43:00,15.89,15.91,15.88,15.9,24000.0,381465.0
2024-01-02 09:44:00,15.89,15.91,15.88,15.9,34000.0,540287.0
2024-01-02 09:45:00,15.9,15.93,15.89,15.92,29100.0,462887.0
2024-01-02 09:46:00,15.91,15.91,15.87,15.88,15700.0,249440.0
2024-01-02 09:47:00,15.88,15.88,15.85,15.86,21700.0,344195.0
2024-01-02 09:48:00,15.86,15.88,15.85,15.88,28700.0,455154.0
2024-01-02 09:49:00,15.87,15.87,15.86,15.86,14100.0,223674.0
2024-01-02 09:50:00,15.86,15.87,15.85,15.85,11800.0,187105.0
2024-01-02 09:51:00,15.85,15.87,15.85,15.87,17100.0,271188.0
2024-01-02 09:52:00,15.86,15.89,15.86,15.88,34100.0,541672.0
2024-01-02 09:53:00,15.88,15.91,15.88,15.91,26300.0,417789.0
2024-01-02 09:54:00,15.9,15.9,15.88,15.88,17300.0,274915.0
2024-01-02 09:55:00,15.89,15.9,15.88,15.9,26600.0,422840.0
2024-01-02 09:56:00,15.9,15.9,15.88,15.89,13700.0,217706.0
2024-01-02 09:57:00,15.89,15.91,15.89,15.91,13300.0,211424.0
2024-01-02 09:58:00,15.9,15.9,15.89,15.9,22000.0,349649.0
2024-01-02 09:59:00,15.89,15.9,15.88,15.9,11700.0,185883.0
2024-01-02 10:00:00,15.9,15.9,15.89,15.9,13500.0,214583.0
2024-01-02 10:01:00,15.88,15.91,15.88,15.9,25400.0,403825.0
2024-01-02 10:02:00,15.9,15.91,15.9,15.91,13100.0,208332.0
2024-01-02 10:03:00,15.91,15.91,15.9,15.91,17400.0,276781.0
2024-01-02 10:04:00,15.9,15.91,15.89,15.89,28300.0,449983.0
2024-01-02 10:05:00,15.89,15.92,15.89,15.92,21800.0,346810.0
2024-01-02 10:06:00,15.93,15.93,15.91,15.91,11700.0,186234.0
2024-01-02 10:07:00,15.9,15.92,15.9,15.92,14600.0,232337.0
2024-01-02 10:08:00,15.91,15.93,15.91,15.93,12700.0,202125.0
2024-01-02 10:09:00,15.92,15.93,15.91,15.93,13700.0,218079.0
2024-01-02 10:10:00,15.92,15.96,15.92,15.96,22600.0,360209.0
2024-01-02 10:11:00,15.96,15.96,15.94,15.95,5900.0,94129.0
2024-01-02 10:12:00,15.95,15.96,15.95,15.96,10200.0,163212.5
2024-01-02 10:13:00,15.96,15.97,15.94,15.95,9800.0,156388.0
2024-01-02 10:14:00,15.95,15.95,15.94,15.94,15800.0,251887.0
2024-01-02 10:15:00,15.94,15.98,15.94,15.98,19000.0,303168.0
2024-01-02 10:16:00,16.0,16.0,15.96,15.97,10800.0,172556.0
2024-01-02 10:17:00,15.97,15.98,15.97,15.98,15500.0,247558.0
2024-01-02 10:18:00,15.98,16.0,15.98,15.99,20000.0,318653.09375
2024-01-02 10:19:00,16.0,16.0,15.99,16.0,9200.0,147168.0
2024-01-02 10:20:00,16.0,16.02,16.0,16.02,14500.0,232118.0
2024-01-02 10:21:00,16.02,16.02,16.0,16.0,5300.0,84831.0
2024-01-02 10:22:00,16.01,16.02,15.98,15.98,45900.0,734795.0
2024-01-02 10:23:00,15.99,16.02,15.98,15.99,38300.0,612138.25
2024-01-02 10:24:00,15.99,15.99,15.96,15.96,12900.0,207088.90625
2024-01-02 10:25:00,15.96,15.96,15.94,15.96,6900.0,110077.0
2024-01-02 10:26:00,15.96,15.97,15.95,15.97,7800.0,124467.0
2024-01-02 10:27:00,15.95,15.98,15.94,15.95,15100.0,240975.703125
2024-01-02 10:28:00,15.97,15.98,15.96,15.98,21000.0,335504.0
2024-01-02 10:29:00,15.98,16.02,15.98,16.02,34100.0,544561.375
2024-01-02 10:30:00,16.03,16.07,16.01,16.03,23300.0,373630.9375
2024-01-02 10:31:00,16.03,16.03,16.01,16.02,18700.0,299571.0
2024-01-02 10:32:00,16.01,16.03,16.01,16.03,15600.0,249927.0
2024-01-02 10:33:00,16.03,16.03,16.02,16.02,10500.0,168246.0
2024-01-02 10:34:00,16.02,16.02,16.01,16.02,7200.0,115301.0
2024-01-02 10:35:00,16.02,16.04,16.02,16.04,35200.0,564330.0
2024-01-02 10:36:00,16.04,16.06,16.04,16.06,21600.0,347279.40625
2024-01-02 10:37:00,16.06,16.09,16.06,16.09,18000.0,289314.0
2024-01-02 10:38:00,16.09,16.09,16.07,16.08,24300.0,390740.875
2024-01-02 10:39:00,16.09,16.09,16.06,16.07,49200.0,789976.375
2024-01-02 10:40:00,16.06,16.08,16.06,16.07,8200.0,131771.0
2024-01-02 10:41:00,16.06,16.08,16.05,16.08,10900.0,175081.0
2024-01-02 10:42:00,16.08,16.08,16.07,16.07,11100.0,178433.0
2024-01-02 10:43:00,16.07,16.07,16.06,16.06,11500.0,184664.0
2024-01-02 10:44:00,16.05,16.06,16.05,16.05,10100.0,162113.0
2024-01-02 10:45:00,16.05,16.09,16.05,16.09,28300.0,454367.0
2024-01-02 10:46:00,16.08,16.08,16.05,16.07,17900.0,287478.0
2024-01-02 10:47:00,16.06,16.06,16.04,16.05,3200.0,51378.0
2024-01-02 10:48:00,16.05,16.05,16.04,16.05,17200.0,275892.0
2024-01-02 10:49:00,16.04,16.05,16.03,16.04,11900.0,190855.0
2024-01-02 10:50:00,16.05,16.07,16.04,16.07,45800.0,734921.0
2024-01-02 10:51:00,16.06,16.07,16.05,16.05,15400.0,247204.0
2024-01-02 10:52:00,16.04,16.05,16.04,16.05,5600.0,89858.0
2024-01-02 10:53:00,16.05,16.06,16.04,16.04,12400.0,199008.0
2024-01-02 10:54:00,16.04,16.05,16.04,16.05,6400.0,102686.0
2024-01-02 10:55:00,16.04,16.04,16.03,16.03,9900.0,158763.0
2024-01-02 10:56:00,16.04,16.04,16.02,16.04,12200.0,195565.0
2024-01-02 10:57:00,16.04,16.04,16.03,16.03,8700.0,139466.0
2024-01-02 10:58:00,16.03,16.04,16.02,16.04,13300.0,213214.0
2024-01-02 10:59:00,16.04,16.04,16.03,16.04,5200.0,83388.0
2024-01-02 11:00:00,16.04,16.04,16.03,16.04,13900.0,222928.0
2024-01-02 11:01:00,16.04,16.07,16.04,16.07,16800.0,269710.0
2024-01-02 11:02:00,16.07,16.08,16.06,16.06,11200.0,179997.0
2024-01-02 11:03:00,16.07,16.07,16.05,16.06,10500.0,168630.0
2024-01-02 11:04:00,16.06,16.08,16.06,16.08,14000.0,224885.0
2024-01-02 11:05:00,16.08,16.08,16.07,16.08,12600.0,202602.0
2024-01-02 11:06:00,16.08,16.09,16.07,16.08,14100.0,226681.0
2024-01-02 11:07:00,16.09,16.09,16.08,16.09,12600.0,202733.0
2024-01-02 11:08:00,16.09,16.1,16.09,16.09,10900.0,175412.0
2024-01-02 11:09:00,16.09,16.1,16.09,16.1,5500.0,88504.0
2024-01-02 11:10:00,16.1,16.11,16.1,16.11,17700.0,284995.0
2024-01-02 11:11:00,16.11,16.13,16.1,16.1,7300.0,117920.203125
2024-01-02 11:12:00,16.11,16.12,16.11,16.12,10800.0,174074.0
2024-01-02 11:13:00,16.11,16.11,16.1,16.11,25100.0,404289.0
2024-01-02 11:14:00,16.11,16.12,16.1,16.11,11200.0,180326.0
2024-01-02 11:15:00,16.1,16.11,16.1,16.1,5900.0,95006.0
2024-01-02 11:16:00,16.11,16.14,16.11,16.13,51100.0,823886.0
2024-01-02 11:17:00,16.12,16.13,16.12,16.13,3700.0,59663.0
2024-01-02 11:18:00,16.13,16.14,16.12,16.14,8300.0,133877.0
2024-01-02 11:19:00,16.15,16.15,16.14,16.14,4800.0,77487.0
2024-01-02 11:20:00,16.14,16.14,16.12,16.14,23600.0,381151.875
2024-01-02 11:21:00,16.14,16.14,16.13,16.13,3300.0,53258.0
2024-01-02 11:22:00,16.14,16.14,16.13,16.13,19100.0,308103.0
2024-01-02 11:23:00,16.13,16.13,16.12,16.12,7700.0,124135.0
2024-01-02 11:24:00,16.12,16.13,16.12,16.12,7600.0,122532.0
2024-01-02 11:25:00,16.12,16.13,16.12,16.13,9200.0,148294.0
2024-01-02 11:26:00,16.13,16.13,16.13,16.13,2700.0,43551.0
2024-01-02 11:27:00,16.12,16.13,16.12,16.12,1000.0,16125.0
2024-01-02 11:28:00,16.12,16.13,16.11,16.13,16600.0,267661.0
2024-01-02 11:29:00,16.13,16.13,16.12,16.12,5200.0,83846.0
2024-01-02 11:30:00,16.11,16.12,16.06,16.07,27900.0,448980.0
2024-01-02 13:01:00,16.08,16.1,16.08,16.09,19700.0,317185.6875
2024-01-02 13:02:00,16.09,16.1,16.08,16.1,7900.0,127133.0
2024-01-02 13:03:00,16.09,16.1,16.09,16.1,5800.0,93330.0
2024-01-02 13:04:00,16.09,16.1,16.09,16.09,12500.0,201116.0
2024-01-02 13:05:00,16.1,16.11,16.09,16.1,18900.0,304293.0
2024-01-02 13:06:00,16.1,16.1,16.09,16.1,5100.0,82107.0
2024-01-02 13:07:00,16.1,16.1,16.09,16.1,6300.0,101423.0
2024-01-02 13:08:00,16.1,16.1,16.1,16.1,3200.0,51520.0
2024-01-02 13:09:00,16.1,16.12,16.1,16.12,21700.0,349520.0
2024-01-02 13:10:00,16.12,16.12,16.11,16.11,7800.0,125700.0
2024-01-02 13:11:00,16.12,16.12,16.08,16.1,51800.0,833573.0
2024-01-02 13:12:00,16.09,16.11,16.09,16.11,5000.0,80514.0
2024-01-02 13:13:00,16.12,16.12,16.11,16.11,2100.0,33850.0
2024-01-02 13:14:00,16.12,16.13,16.11,16.12,20000.0,322399.0
2024-01-02 13:15:00,16.11,16.11,16.07,16.09,17200.0,276812.0
2024-01-02 13:16:00,16.08,16.1,16.08,16.08,7100.0,114203.0
2024-01-02 13:17:00,16.08,16.09,16.07,16.09,10300.0,165636.0
2024-01-02 13:18:00,16.08,16.09,16.07,16.09,8600.0,138285.0
2024-01-02 13:19:00,16.08,16.09,16.07,16.08,13700.0,220289.0
2024-01-02 13:20:00,16.09,16.09,16.07,16.08,12500.0,200938.0
2024-01-02 13:21:00,16.09,16.09,16.07,16.08,21700.0,348862.0
2024-01-02 13:22:00,16.08,16.09,16.08,16.08,5400.0,86849.0
2024-01-02 13:23:00,16.08,16.09,16.07,16.09,13400.0,215441.0
2024-01-02 13:24:00,16.09,16.09,16.08,16.09,7300.0,117424.0
2024-01-02 13:25:00,16.09,16.09,16.08,16.09,6700.0,107802.0
2024-01-02 13:26:00,16.09,16.1,16.08,16.1,14300.0,230141.0
2024-01-02 13:27:00,16.1,16.12,16.1,16.12,15500.0,249706.0
2024-01-02 13:28:00,16.12,16.12,16.12,16.12,2500.0,40300.0
2024-01-02 13:29:00,16.12,16.12,16.11,16.12,10600.0,170770.0
2024-01-02 13:30:00,16.11,16.12,16.11,16.12,7600.0,122446.0
2024-01-02 13:31:00,16.12,16.12,16.11,16.11,12100.0,195015.0
2024-01-02 13:32:00,16.11,16.12,16.11,16.12,3800.0,61246.0
2024-01-02 13:33:00,16.11,16.12,16.1,16.11,11500.0,185237.0
2024-01-02 13:34:00,16.11,16.11,16.1,16.1,7600.0,122374.0
2024-01-02 13:35:00,16.11,16.11,16.1,16.11,6100.0,98231.0
2024-01-02 13:36:00,16.1,16.11,16.1,16.11,6300.0,101436.0
2024-01-02 13:37:00,16.1,16.11,16.09,16.11,5200.0,83715.0
2024-01-02 13:38:00,16.1,16.11,16.1,16.1,3500.0,56377.0
2024-01-02 13:39:00,16.1,16.12,16.1,16.12,8400.0,135326.0
2024-01-02 13:40:00,16.11,16.12,16.11,16.11,7600.0,122472.0
2024-01-02 13:41:00,16.12,16.13,16.11,16.13,17600.0,283730.0
2024-01-02 13:42:00,16.13,16.13,16.13,16.13,400.0,6452.0
2024-01-02 13:43:00,16.12,16.13,16.12,16.12,12000.0,193423.0
2024-01-02 13:44:00,16.11,16.12,16.11,16.12,5400.0,87007.0
2024-01-02 13:45:00,16.11,16.12,16.11,16.12,13000.0,209555.0
2024-01-02 13:46:00,16.12,16.12,16.1,16.1,11400.0,183668.0
2024-01-02 13:47:00,16.12,16.12,16.11,16.12,5600.0,89366.0625
2024-01-02 13:48:00,16.12,16.12,16.11,16.12,7600.0,122441.5390625
2024-01-02 13:49:00,16.12,16.12,16.11,16.12,6700.0,107996.0
2024-01-02 13:50:00,16.12,16.12,16.11,16.11,7900.0,127282.0
2024-01-02 13:51:00,16.11,16.12,16.11,16.11,8700.0,140150.0
2024-01-02 13:52:00,16.11,16.12,16.11,16.11,1200.0,19342.0
2024-01-02 13:53:00,16.11,16.12,16.11,16.12,7900.0,127272.0
2024-01-02 13:54:00,16.12,16.12,16.11,16.11,2800.0,45111.0
2024-01-02 13:55:00,16.12,16.12,16.11,16.11,3700.0,59623.0
2024-01-02 13:56:00,16.12,16.12,16.1,16.12,9900.0,159501.0
2024-01-02 13:57:00,16.12,16.14,16.11,16.14,18700.0,301514.0
2024-01-02 13:58:00,16.14,16.14,16.13,16.13,6500.0,104850.0
2024-01-02 13:59:00,16.13,16.13,16.12,16.12,6100.0,98347.0
2024-01-02 14:00:00,16.13,16.14,16.13,16.14,12100.0,195699.90625
2024-01-02 14:01:00,16.13,16.14,16.12,16.14,9500.0,152769.09375
2024-01-02 14:02:00,16.14,16.14,16.13,16.14,14000.0,225947.0
2024-01-02 14:03:00,16.13,16.13,16.13,16.13,9400.0,151622.0
2024-01-02 14:04:00,16.11,16.12,16.11,16.12,9800.0,157952.0
2024-01-02 14:05:00,16.12,16.12,16.11,16.11,10700.0,172381.0
2024-01-02 14:06:00,16.11,16.11,16.1,16.11,10700.0,172371.0
2024-01-02 14:07:00,16.11,16.12,16.11,16.11,8400.0,135348.0
2024-01-02 14:08:00,16.11,16.12,16.11,16.12,6200.0,99901.0
2024-01-02 14:09:00,16.12,16.12,16.12,16.12,4300.0,69300.0
2024-01-02 14:10:00,16.12,16.12,16.11,16.11,5900.0,95072.0
2024-01-02 14:11:00,16.11,16.12,16.1,16.11,8600.0,138523.0
2024-01-02 14:12:00,16.11,16.12,16.11,16.12,5700.0,91831.0
2024-01-02 14:13:00,16.12,16.12,16.11,16.12,5200.0,83799.0
2024-01-02 14:14:00,16.11,16.12,16.11,16.12,11200.0,180522.0
2024-01-02 14:15:00,16.12,16.12,16.11,16.12,3900.0,62856.0
2024-01-02 14:16:00,16.11,16.12,16.1,16.11,18900.0,304459.0
2024-01-02 14:17:00,16.11,16.11,16.1,16.11,3300.0,53148.0
2024-01-02 14:18:00,16.11,16.11,16.1,16.11,6500.0,104705.0
2024-01-02 14:19:00,16.11,16.11,16.09,16.1,15800.0,254334.0
2024-01-02 14:20:00,16.09,16.1,16.09,16.1,8000.0,128739.0
2024-01-02 14:21:00,16.08,16.1,16.08,16.1,8000.0,128720.0
2024-01-02 14:22:00,16.1,16.11,16.1,16.11,11700.0,188388.0
2024-01-02 14:23:00,16.11,16.11,16.1,16.11,3700.0,59586.0
2024-01-02 14:24:00,16.11,16.11,16.1,16.1,14200.0,228651.0
2024-01-02 14:25:00,16.1,16.1,16.09,16.09,11400.0,183492.0
2024-01-02 14:26:00,16.08,16.11,16.08,16.1,23800.0,383020.0
2024-01-02 14:27:00,16.1,16.11,16.1,16.1,4500.0,72461.0
2024-01-02 14:28:00,16.1,16.1,16.09,16.1,8200.0,131958.0
2024-01-02 14:29:00,16.09,16.1,16.09,16.1,9900.0,159299.0
2024-01-02 14:30:00,16.1,16.1,16.08,16.08,12900.0,207581.0
2024-01-02 14:31:00,16.1,16.11,16.1,16.1,37900.0,610194.0
2024-01-02 14:32:00,16.11,16.12,16.11,16.11,5600.0,90216.0
2024-01-02 14:33:00,16.1,16.11,16.1,16.11,8000.0,128807.0
2024-01-02 14:34:00,16.1,16.11,16.1,16.11,3300.0,53143.0
2024-01-02 14:35:00,16.1,16.11,16.09,16.11,6700.0,107880.0
2024-01-02 14:36:00,16.1,16.12,16.1,16.12,23200.0,374698.3125
2024-01-02 14:37:00,16.11,16.11,16.1,16.1,6800.0,109022.703125
2024-01-02 14:38:00,16.11,16.11,16.1,16.1,8800.0,141689.0
2024-01-02 14:39:00,16.1,16.12,16.09,16.11,36800.0,592868.6875
2024-01-02 14:40:00,16.11,16.12,16.11,16.12,3500.0,56389.0
2024-01-02 14:41:00,16.11,16.12,16.11,16.12,9900.0,159489.0
2024-01-02 14:42:00,16.11,16.11,16.1,16.11,17100.0,275439.0
2024-01-02 14:43:00,16.11,16.11,16.09,16.1,5300.0,85344.0
2024-01-02 14:44:00,16.09,16.09,16.08,16.09,17500.0,281073.3125
2024-01-02 14:45:00,16.09,16.1,16.08,16.08,15300.0,246617.40625
2024-01-02 14:46:00,16.09,16.1,16.08,16.09,24200.0,389391.0
2024-01-02 14:47:00,16.09,16.09,16.08,16.08,15000.0,241299.0
2024-01-02 14:48:00,16.09,16.1,16.09,16.09,17000.0,273531.0
2024-01-02 14:49:00,16.09,16.09,16.07,16.07,12600.0,202611.0
2024-01-02 14:50:00,16.08,16.11,16.08,16.1,22600.0,363708.0
2024-01-02 14:51:00,16.1,16.11,16.09,16.11,13200.0,212491.0
2024-01-02 14:52:00,16.1,16.1,16.1,16.1,22700.0,365474.0
2024-01-02 14:53:00,16.1,16.11,16.1,16.1,9000.0,144903.0
2024-01-02 14:54:00,16.1,16.11,16.1,16.11,7200.0,115959.0
2024-01-02 14:55:00,16.1,16.11,16.1,16.1,13800.0,222198.0
2024-01-02 14:56:00,16.1,16.11,16.09,16.11,8700.0,140677.421875
2024-01-02 14:57:00,16.11,16.11,16.09,16.1,24000.0,386430.0
2024-01-02 14:58:00,16.1,16.1,16.1,16.1,0.0,0.0
2024-01-02 14:59:00,16.1,16.1,16.1,16.1,0.0,0.0
2024-01-02 15:00:00,16.11,16.11,16.11,16.11,30200.0,486522.0
2024-01-03 09:31:00,16.04,16.13,15.97,16.13,60600.0,973037.0
2024-01-03 09:32:00,16.15,16.17,16.11,16.14,51000.0,823644.0
2024-01-03 09:33:00,16.16,16.2,16.14,16.15,44200.0,714808.0
2024-01-03 09:34:00,16.15,16.23,16.14,16.22,54700.0,885238.5
2024-01-03 09:35:00,16.23,16.25,16.19,16.25,31300.0,507924.0
2024-01-03 09:36:00,16.26,16.28,16.22,16.28,35900.0,583368.0
2024-01-03 09:37:00,16.28,16.29,16.27,16.28,41300.0,672351.0
2024-01-03 09:38:00,16.27,16.27,16.24,16.25,36500.0,593368.0
2024-01-03 09:39:00,16.27,16.29,16.25,16.27,44600.0,726023.0
2024-01-03 09:40:00,16.22,16.23,16.2,16.22,35700.0,579805.0
2024-01-03 09:41:00,16.22,16.23,16.18,16.21,69600.0,1128299.0
2024-01-03 09:42:00,16.23,16.23,16.22,16.23,22200.0,360179.0
2024-01-03 09:43:00,16.23,16.24,16.22,16.24,13900.0,225582.0
2024-01-03 09:44:00,16.24,16.24,16.21,16.22,12700.0,206014.0
2024-01-03 09:45:00,16.21,16.21,16.18,16.19,8600.0,139308.0
2024-01-03 09:46:00,16.2,16.21,16.19,16.19,9100.0,147405.0
2024-01-03 09:47:00,16.19,16.22,16.19,16.2,6200.0,100494.0
2024-01-03 09:48:00,16.21,16.23,16.19,16.23,41000.0,664759.0
2024-01-03 09:49:00,16.24,16.24,16.22,16.22,6800.0,110363.0
2024-01-03 09:50:00,16.22,16.23,16.21,16.22,12600.0,204394.0
2024-01-03 09:51:00,16.22,16.23,16.22,16.23,14300.0,231996.0
2024-01-03 09:52:00,16.23,16.23,16.2,16.2,32100.0,520678.0
2024-01-03 09:53:00,16.22,16.22,16.2,16.2,4600.0,74580.0
2024-01-03 09:54:00,16.2,16.22,16.18,16.22,18100.0,293221.0
2024-01-03 09:55:00,16.2,16.22,16.2,16.2,8000.0,129685.0
2024-01-03 09:56:00,16.2,16.21,16.2,16.21,28600.0,463361.0
2024-01-03 09:57:00,16.21,16.21,16.17,16.19,11100.0,179723.0
2024-01-03 09:58:00,16.19,16.2,16.19,16.2,7900.0,127921.1796875
2024-01-03 09:59:00,16.19,16.21,16.16,16.16,6800.0,108658.78125
2024-01-03 10:00:00,16.18,16.18,16.16,16.16,9100.0,148516.40625
2024-01-03 10:01:00,16.15,16.18,16.15,16.16,19400.0,312147.59375
2024-01-03 10:02:00,16.17,16.19,16.16,16.17,24400.0,394602.0
2024-01-03 10:03:00,16.17,16.18,16.15,16.15,7200.0,116362.0
2024-01-03 10:04:00,16.14,16.16,16.13,16.15,36500.0,589676.3125
2024-01-03 10:05:00,16.15,16.16,16.15,16.15,8400.0,135664.0
2024-01-03 10:06:00,16.16,16.16,16.15,16.15,16300.0,263273.1875
2024-01-03 10:07:00,16.16,16.17,16.14,16.14,14400.0,233872.796875
2024-01-03 10:08:00,16.14,16.15,16.13,16.15,18600.0,300025.0
2024-01-03 10:09:00,16.15,16.15,16.12,16.13,29300.0,472891.0
2024-01-03 10:10:00,16.13,16.14,16.12,16.12,12700.0,204842.0
2024-01-03 10:11:00,16.12,16.12,16.1,16.12,41600.0,670205.0
2024-01-03 10:12:00,16.12,16.12,16.1,16.12,21500.0,346370.0
2024-01-03 10:13:00,16.12,16.12,16.1,16.1,8100.0,130488.0
2024-01-03 10:14:00,16.11,16.11,16.09,16.09,3600.0,57965.0
2024-01-03 10:15:00,16.09,16.1,16.08,16.1,21900.0,352300.0
2024-01-03 10:16:00,16.1,16.1,16.09,16.09,10600.0,170673.0
2024-01-03 10:17:00,16.1,16.1,16.08,16.08,7500.0,120691.0
2024-01-03 10:18:00,16.09,16.09,16.08,16.08,13900.0,223548.0
2024-01-03 10:19:00,16.08,16.09,16.07,16.09,4600.0,73952.0
2024-01-03 10:20:00,16.12,16.12,16.1,16.1,45000.0,723598.25
2024-01-03 10:21:00,16.1,16.12,16.09,16.12,7000.0,112723.0
2024-01-03 10:22:00,16.12,16.12,16.11,16.11,3000.0,48336.0
2024-01-03 10:23:00,16.11,16.11,16.11,16.11,4100.0,66046.0
2024-01-03 10:24:00,16.12,16.12,16.11,16.11,7100.0,114389.0
2024-01-03 10:25:00,16.11,16.11,16.07,16.08,8400.0,135170.0
2024-01-03 10:26:00,16.09,16.11,16.08,16.11,11000.0,177060.0
2024-01-03 10:27:00,16.11,16.11,16.09,16.09,3500.0,56328.0
2024-01-03 10:28:00,16.09,16.09,16.08,16.09,1900.0,30560.0
2024-01-03 10:29:00,16.09,16.1,16.08,16.1,4100.0,65957.0
2024-01-03 10:30:00,16.1,16.1,16.08,16.09,6000.0,96532.0
2024-01-03 10:31:00,16.08,16.11,16.08,16.11,17300.0,278502.0
2024-01-03 10:32:00,16.1,16.11,16.1,16.11,5100.0,82134.0
2024-01-03 10:33:00,16.1,16.13,16.1,16.13,16300.0,262686.0
2024-01-03 10:34:00,16.13,16.14,16.12,16.13,9200.0,148416.0
2024-01-03 10:35:00,16.13,16.14,16.13,16.14,3100.0,50008.0
2024-01-03 10:36:00,16.14,16.15,16.14,16.14,7500.0,121051.0
2024-01-03 10:37:00,16.14,16.14,16.1,16.1,18300.0,295038.0
2024-01-03 10:38:00,16.11,16.11,16.09,16.1,5200.0,83695.0
2024-01-03 10:39:00,16.11,16.11,16.07,16.1,6100.0,98144.0
2024-01-03 10:40:00,16.1,16.1,16.09,16.09,8100.0,130337.0
2024-01-03 10:41:00,16.1,16.1,16.1,16.1,900.0,14490.0
2024-01-03 10:42:00,16.1,16.11,16.1,16.11,2100.0,33815.0
2024-01-03 10:43:00,16.11,16.11,16.1,16.1,9600.0,154574.0
2024-01-03 10:44:00,16.11,16.13,16.1,16.13,30700.0,494332.03125
2024-01-03 10:45:00,16.14,16.14,16.13,16.14,11300.0,182310.0
2024-01-03 10:46:00,16.13,16.14,16.13,16.14,3100.0,50026.0
2024-01-03 10:47:00,16.13,16.15,16.13,16.15,13900.0,224439.0
2024-01-03 10:48:00,16.15,16.15,16.15,16.15,4400.0,71060.0
2024-01-03 10:49:00,16.15,16.15,16.11,16.13,8300.0,133867.0
2024-01-03 10:50:00,16.14,16.15,16.13,16.14,7400.0,119429.0
2024-01-03 10:51:00,16.15,16.15,16.14,16.15,3000.0,48448.0
2024-01-03 10:52:00,16.15,16.16,16.14,16.14,6700.0,108186.71875
2024-01-03 10:53:00,16.14,16.14,16.13,16.13,900.0,14524.0
2024-01-03 10:54:00,16.13,16.14,16.12,16.12,6800.0,109650.0
2024-01-03 10:55:00,16.11,16.12,16.11,16.12,15900.0,256162.0
2024-01-03 10:56:00,16.12,16.12,16.12,16.12,1900.0,30628.0
2024-01-03 10:57:00,16.12,16.12,16.11,16.11,8700.0,140185.0
2024-01-03 10:58:00,16.11,16.12,16.11,16.12,4600.0,74110.0
2024-01-03 10:59:00,16.13,16.13,16.11,16.11,11100.0,178952.0
2024-01-03 11:00:00,16.12,16.13,16.1,16.12,4100.0,66074.0
2024-01-03 11:01:00,16.12,16.12,16.1,16.11,3700.0,59613.0
2024-01-03 11:02:00,16.1,16.1,16.1,16.1,3100.0,49904.0
2024-01-03 11:03:00,16.1,16.1,16.1,16.1,3400.0,54714.0
2024-01-03 11:04:00,16.1,16.1,16.09,16.09,2100.0,33794.0
2024-01-03 11:05:00,16.1,16.1,16.09,16.1,4600.0,74044.0
2024-01-03 11:06:00,16.1,16.1,16.08,16.09,3000.0,48265.69921875
2024-01-03 11:07:00,16.09,16.09,16.04,16.08,10500.0,168735.0
2024-01-03 11:08:00,16.09,16.09,16.08,16.09,900.0,14477.0
2024-01-03 11:09:00,16.09,16.09,16.08,16.08,8300.0,133473.0
2024-01-03 11:10:00,16.08,16.08,16.06,16.07,6400.0,102827.0
2024-01-03 11:11:00,16.07,16.08,16.07,16.08,5500.0,88400.0
2024-01-03 11:12:00,16.07,16.07,16.05,16.07,4900.0,78687.0
2024-01-03 11:13:00,16.07,16.07,16.06,16.07,2600.0,41759.0
2024-01-03 11:14:00,16.07,16.07,16.05,16.07,1600.0,25697.0
2024-01-03 11:15:00,16.07,16.07,16.06,16.06,5200.0,83505.0
2024-01-03 11:16:00,16.07,16.07,16.05,16.05,14600.0,234529.0
2024-01-03 11:17:00,16.06,16.06,16.05,16.06,2900.0,46567.0
2024-01-03 11:18:00,16.05,16.06,16.03,16.03,12700.0,203753.0
2024-01-03 11:19:00,16.03,16.04,16.03,16.04,6200.0,99391.078125
2024-01-03 11:20:00,16.02,16.04,16.01,16.04,25300.0,405495.0
2024-01-03 11:21:00,16.04,16.04,16.01,16.02,24700.0,395440.0
2024-01-03 11:22:00,16.02,16.04,16.02,16.04,1700.0,27243.0
2024-01-03 11:23:00,16.04,16.05,16.02,16.04,18500.0,296690.0
2024-01-03 11:24:00,16.03,16.03,16.03,16.03,1200.0,19236.0
2024-01-03 11:25:00,16.02,16.04,16.02,16.04,1700.0,27249.0
2024-01-03 11:26:00,16.03,16.04,16.03,16.04,2100.0,33668.0
2024-01-03 11:27:00,16.03,16.04,16.02,16.02,3400.0,54516.0
2024-01-03 11:28:00,16.04,16.04,16.03,16.04,1000.0,16036.0
2024-01-03 11:29:00,16.04,16.04,16.03,16.03,3100.0,49714.0
2024-01-03 11:30:00,16.02,16.03,16.0,16.03,5400.0,86487.0
2024-01-03 13:01:00,16.04,16.04,16.02,16.02,10700.0,171436.0
2024-01-03 13:02:00,16.02,16.05,16.02,16.03,10400.0,166649.078125
2024-01-03 13:03:00,16.04,16.04,16.03,16.04,2300.0,36881.0
2024-01-03 13:04:00,16.03,16.03,16.01,16.02,21400.0,342752.0
2024-01-03 13:05:00,16.02,16.02,16.0,16.02,4800.0,76849.0
2024-01-03 13:06:00,16.02,16.02,15.99,16.0,9300.0,148811.0
2024-01-03 13:07:00,16.0,16.0,15.99,15.99,7000.0,111933.0
2024-01-03 13:08:00,15.99,16.0,15.99,15.99,3400.0,54369.0
2024-01-03 13:09:00,15.98,15.98,15.97,15.98,9800.0,156550.0
2024-01-03 13:10:00,15.98,15.99,15.97,15.99,6300.0,100676.0
2024-01-03 13:11:00,15.99,16.0,15.99,16.0,4000.0,63982.0
2024-01-03 13:12:00,16.02,16.02,16.02,16.02,15400.0,246723.0
2024-01-03 13:13:00,16.02,16.02,16.01,16.02,4000.0,64047.0
2024-01-03 13:14:00,16.01,16.02,16.01,16.01,2100.0,33616.0
2024-01-03 13:15:00,15.99,15.99,15.97,15.98,6100.0,97502.0
2024-01-03 13:16:00,15.98,15.98,15.96,15.98,4500.0,71886.0
2024-01-03 13:17:00,15.98,15.99,15.98,15.99,4300.0,68735.0
2024-01-03 13:18:00,15.99,15.99,15.99,15.99,4300.0,68756.0
2024-01-03 13:19:00,15.98,16.0,15.98,15.99,2100.0,33575.0
2024-01-03 13:20:00,15.98,15.99,15.98,15.98,2600.0,41562.0
2024-01-03 13:21:00,15.98,16.02,15.98,16.02,12800.0,204758.0
2024-01-03 13:22:00,16.01,16.01,16.0,16.0,4200.0,67792.0
2024-01-03 13:23:00,16.01,16.01,16.0,16.01,3000.0,47435.640625
2024-01-03 13:24:00,16.01,16.01,15.99,16.01,4900.0,78382.0
2024-01-03 13:25:00,16.0,16.01,16.0,16.01,6800.0,108825.0
2024-01-03 13:26:00,16.01,16.01,16.0,16.0,800.0,12802.0
2024-01-03 13:27:00,16.0,16.01,15.99,16.0,5300.0,84799.0
2024-01-03 13:28:00,16.0,16.01,16.0,16.01,3400.0,54405.0
2024-01-03 13:29:00,16.0,16.0,15.98,15.98,13000.0,207858.0
2024-01-03 13:30:00,15.98,15.98,15.97,15.98,4300.0,68679.0
2024-01-03 13:31:00,15.97,15.98,15.96,15.98,16200.0,258618.0
2024-01-03 13:32:00,15.97,15.99,15.97,15.98,5900.0,94294.0
2024-01-03 13:33:00,15.99,15.99,15.97,15.98,4900.0,78292.0
2024-01-03 13:34:00,15.97,15.99,15.97,15.97,16000.0,255622.0
2024-01-03 13:35:00,15.98,15.99,15.98,15.99,5700.0,91107.0
2024-01-03 13:36:00,15.99,16.0,15.99,16.0,2100.0,33580.0
2024-01-03 13:37:00,16.0,16.01,16.0,16.0,1800.0,28801.0
2024-01-03 13:38:00,15.99,16.01,15.99,16.01,8600.0,137572.0
2024-01-03 13:39:00,16.01,16.01,15.98,15.98,8400.0,134425.0
2024-01-03 13:40:00,15.99,15.99,15.97,15.98,4200.0,67119.0
2024-01-03 13:41:00,15.98,15.98,15.96,15.96,5000.0,79847.0
2024-01-03 13:42:00,15.97,15.98,15.96,15.96,12600.0,201149.0
2024-01-03 13:43:00,15.95,15.95,15.94,15.94,14800.0,235970.0
2024-01-03 13:44:00,15.95,15.95,15.94,15.94,1300.0,20729.0
2024-01-03 13:45:00,15.95,15.95,15.94,15.94,2000.0,31887.0
2024-01-03 13:46:00,15.94,15.95,15.94,15.95,5900.0,94071.0
2024-01-03 13:47:00,15.95,15.95,15.94,15.95,5000.0,80203.203125
2024-01-03 13:48:00,15.95,15.96,15.93,15.93,10800.0,171730.796875
2024-01-03 13:49:00,15.93,15.95,15.93,15.95,4600.0,73804.203125
2024-01-03 13:50:00,15.95,15.97,15.95,15.96,14600.0,232975.0
2024-01-03 13:51:00,15.96,15.97,15.96,15.96,12400.0,197914.0
2024-01-03 13:52:00,15.96,15.96,15.96,15.96,2400.0,38301.0
2024-01-03 13:53:00,15.96,15.97,15.96,15.96,4700.0,75014.0
2024-01-03 13:54:00,15.97,15.97,15.95,15.95,3900.0,62219.0
2024-01-03 13:55:00,15.95,15.95,15.94,15.95,10800.0,172212.0
2024-01-03 13:56:00,15.95,15.95,15.94,15.95,2700.0,43061.0
2024-01-03 13:57:00,15.95,15.96,15.94,15.95,4400.0,70159.0
2024-01-03 13:58:00,15.95,15.95,15.94,15.95,11500.0,183361.0
2024-01-03 13:59:00,15.94,15.95,15.93,15.93,6800.0,108390.0
2024-01-03 14:00:00,15.93,15.95,15.93,15.94,2400.0,38245.66015625
2024-01-03 14:01:00,15.93,15.94,15.93,15.93,7800.0,124300.859375
2024-01-03 14:02:00,15.94,15.95,15.93,15.94,6100.0,97230.0
2024-01-03 14:03:00,15.94,15.96,15.94,15.95,16900.0,269908.8125
2024-01-03 14:04:00,15.95,15.96,15.94,15.96,10600.0,168723.953125
2024-01-03 14:05:00,15.96,15.97,15.96,15.97,7200.0,115359.0390625
2024-01-03 14:06:00,15.97,15.99,15.97,15.99,6200.0,99016.0
2024-01-03 14:07:00,15.97,15.97,15.96,15.97,2100.0,33535.0
2024-01-03 14:08:00,15.96,15.98,15.96,15.97,3600.0,57492.0
2024-01-03 14:09:00,15.97,15.98,15.97,15.98,6300.0,100655.0
2024-01-03 14:10:00,15.98,15.99,15.97,15.97,4600.0,73500.0
2024-01-03 14:11:00,15.98,15.99,15.98,15.99,5100.0,81507.0
2024-01-03 14:12:00,15.98,16.01,15.98,16.0,15500.0,247925.0
2024-01-03 14:13:00,15.99,16.01,15.99,16.01,7200.0,115159.0
2024-01-03 14:14:00,16.0,16.0,15.99,15.99,3900.0,62390.0
2024-01-03 14:15:00,15.98,15.99,15.98,15.99,1900.0,30380.0
2024-01-03 14:16:00,15.99,15.99,15.99,15.99,7100.0,113529.0
2024-01-03 14:17:00,16.0,16.0,15.99,15.99,600.0,9599.0
2024-01-03 14:18:00,15.99,15.99,15.98,15.99,11300.0,180628.0
2024-01-03 14:19:00,15.99,16.0,15.99,16.0,4200.0,67174.0
2024-01-03 14:20:00,16.0,16.0,16.0,16.0,6600.0,105600.0
2024-01-03 14:21:00,16.01,16.02,16.0,16.01,18000.0,288165.0
2024-01-03 14:22:00,16.02,16.03,16.01,16.03,16700.0,267538.0
2024-01-03 14:23:00,16.03,16.03,16.02,16.03,2500.0,40070.0
2024-01-03 14:24:00,16.02,16.03,16.02,16.02,6000.0,96123.0
2024-01-03 14:25:00,16.02,16.02,16.01,16.01,10400.0,166530.0
2024-01-03 14:26:00,16.02,16.02,16.01,16.02,8500.0,136165.0
2024-01-03 14:27:00,16.03,16.03,16.02,16.03,5500.0,88634.6015625
2024-01-03 14:28:00,16.03,16.03,16.03,16.03,7700.0,123431.0
2024-01-03 14:29:00,16.02,16.03,16.01,16.02,12400.0,198651.0
2024-01-03 14:30:00,16.02,16.04,16.01,16.04,11800.0,188974.703125
2024-01-03 14:31:00,16.04,16.05,16.02,16.03,20100.0,322069.0
2024-01-03 14:32:00,16.04,16.04,16.03,16.04,9000.0,144347.0
2024-01-03 14:33:00,16.04,16.04,16.01,16.03,18100.0,288824.3125
2024-01-03 14:34:00,16.02,16.03,16.01,16.02,2700.0,43266.0
2024-01-03 14:35:00,16.05,16.06,16.03,16.03,129200.0,2074891.0
2024-01-03 14:36:00,16.04,16.04,16.03,16.03,2700.0,43310.0
2024-01-03 14:37:00,16.02,16.04,16.01,16.01,4600.0,73712.0
2024-01-03 14:38:00,16.04,16.05,16.03,16.03,9200.0,147564.0
2024-01-03 14:39:00,16.03,16.04,16.02,16.03,20500.0,328548.0
2024-01-03 14:40:00,16.02,16.04,16.02,16.02,6300.0,100956.0
2024-01-03 14:41:00,16.02,16.03,16.01,16.03,12900.0,206604.0
2024-01-03 14:42:00,16.02,16.03,16.01,16.02,37000.0,592758.0
2024-01-03 14:43:00,16.02,16.02,16.0,16.0,14900.0,238473.0
2024-01-03 14:44:00,16.01,16.01,16.0,16.01,11200.0,179843.359375
2024-01-03 14:45:00,16.01,16.01,15.99,15.99,17100.0,272980.625
2024-01-03 14:46:00,16.02,16.04,16.01,16.01,15800.0,253646.359375
2024-01-03 14:47:00,16.01,16.02,16.0,16.0,23500.0,376271.0
2024-01-03 14:48:00,16.0,16.03,16.0,16.02,20400.0,326699.0
2024-01-03 14:49:00,16.01,16.05,16.01,16.04,21800.0,349540.0
2024-01-03 14:50:00,16.03,16.05,16.02,16.02,23500.0,376667.0
2024-01-03 14:51:00,16.02,16.03,16.01,16.03,9900.0,158580.0
2024-01-03 14:52:00,16.03,16.05,16.01,16.01,17800.0,285368.0
2024-01-03 14:53:00,16.02,16.03,16.02,16.02,17700.0,283637.0
2024-01-03 14:54:00,16.04,16.04,16.02,16.02,18000.0,288076.40625
2024-01-03 14:55:00,16.03,16.03,16.02,16.03,14500.0,232343.0
2024-01-03 14:56:00,16.01,16.03,16.01,16.02,15900.0,254728.0
2024-01-03 14:57:00,16.04,16.06,16.0,16.05,21800.0,349582.0
2024-01-03 14:58:00,16.05,16.05,16.05,16.05,0.0,0.0
2024-01-03 14:59:00,16.05,16.05,16.05,16.05,0.0,0.0
2024-01-03 15:00:00,16.03,16.03,16.03,16.03,14400.0,230832.0
2024-01-04 09:31:00,16.07,16.07,15.87,15.94,56400.0,899017.0
2024-01-04 09:32:00,15.93,16.0,15.93,15.98,7100.0,113203.0
2024-01-04 09:33:00,15.98,15.98,15.95,15.95,9000.0,143634.0
2024-01-04 09:34:00,15.94,15.94,15.91,15.92,43400.0,691524.0
2024-01-04 09:35:00,15.92,15.92,15.87,15.88,15800.0,251013.0
2024-01-04 09:36:00,15.91,15.92,15.88,15.89,48700.0,773936.0
2024-01-04 09:37:00,15.91,15.93,15.91,15.93,11600.0,184627.0
2024-01-04 09:38:00,15.96,15.98,15.95,15.98,11500.0,183508.0
2024-01-04 09:39:00,15.98,15.98,15.96,15.96,18000.0,287350.0
2024-01-04 09:40:00,15.95,15.98,15.95,15.97,27500.0,439124.0
2024-01-04 09:41:00,15.97,15.97,15.94,15.95,22100.0,352698.0
2024-01-04 09:42:00,15.95,15.95,15.93,15.95,31400.0,500489.0
2024-01-04 09:43:00,15.95,15.95,15.91,15.92,10400.0,165687.0
2024-01-04 09:44:00,15.92,15.92,15.9,15.9,9600.0,152753.0
2024-01-04 09:45:00,15.9,15.9,15.87,15.9,25900.0,411335.0
2024-01-04 09:46:00,15.9,15.94,15.9,15.94,21900.0,348122.84375
2024-01-04 09:47:00,15.93,15.93,15.92,15.93,3800.0,60523.0
2024-01-04 09:48:00,15.94,15.95,15.94,15.95,9300.0,148303.0
2024-01-04 09:49:00,15.97,15.98,15.97,15.97,6900.0,110220.0
2024-01-04 09:50:00,15.97,15.97,15.96,15.97,12300.0,196426.0
2024-01-04 09:51:00,15.98,16.01,15.98,16.01,18500.0,295998.0
2024-01-04 09:52:00,16.01,16.01,16.0,16.0,3200.0,51215.0
2024-01-04 09:53:00,15.99,16.03,15.99,16.03,6600.0,105707.0
2024-01-04 09:54:00,16.03,16.05,16.01,16.05,21200.0,339676.0
2024-01-04 09:55:00,16.04,16.04,16.02,16.02,10100.0,161926.0
2024-01-04 09:56:00,16.02,16.03,16.01,16.01,11500.0,184238.0
2024-01-04 09:57:00,16.01,16.01,16.0,16.0,3800.0,60824.0
2024-01-04 09:58:00,16.0,16.0,15.98,15.98,4000.0,63964.0
2024-01-04 09:59:00,15.99,15.99,15.97,15.98,3100.0,49530.0
2024-01-04 10:00:00,15.99,15.99,15.98,15.98,600.0,9593.0
2024-01-04 10:01:00,15.98,16.03,15.98,16.0,13100.0,209492.0
2024-01-04 10:02:00,16.0,16.01,15.99,16.01,10600.0,169639.0
2024-01-04 10:03:00,16.0,16.01,16.0,16.0,9500.0,152007.0
2024-01-04 10:04:00,15.99,16.01,15.99,16.01,25300.0,404801.0
2024-01-04 10:05:00,16.02,16.04,16.02,16.04,7800.0,124987.0
2024-01-04 10:06:00,16.04,16.04,16.03,16.03,8500.0,136288.0
2024-01-04 10:07:00,16.04,16.06,16.04,16.06,27600.0,442916.0
2024-01-04 10:08:00,16.05,16.05,16.03,16.03,25500.0,409106.0
2024-01-04 10:09:00,16.03,16.04,15.99,15.99,24200.0,387429.0
2024-01-04 10:10:00,16.0,16.01,16.0,16.01,3500.0,56013.0
2024-01-04 10:11:00,16.0,16.0,15.99,15.99,3000.0,47990.0
2024-01-04 10:12:00,15.99,15.99,15.97,15.97,7200.0,115085.0
2024-01-04 10:13:00,15.98,15.99,15.98,15.99,3600.0,57537.0
2024-01-04 10:14:00,16.0,16.0,15.99,15.99,5600.0,89573.0
2024-01-04 10:15:00,15.99,16.0,15.98,15.98,7300.0,116767.0
2024-01-04 10:16:00,15.99,16.01,15.99,16.01,11800.0,189299.640625
2024-01-04 10:17:00,16.02,16.02,16.01,16.01,2700.0,43230.0
2024-01-04 10:18:00,16.02,16.03,16.01,16.03,23300.0,373253.0
2024-01-04 10:19:00,16.03,16.05,16.03,16.05,12700.0,203678.0
2024-01-04 10:20:00,16.05,16.05,16.03,16.03,8700.0,139567.0
2024-01-04 10:21:00,16.04,16.04,16.03,16.03,4000.0,64149.0
2024-01-04 10:22:00,16.04,16.07,16.04,16.06,22600.0,362690.0
2024-01-04 10:23:00,16.06,16.06,16.04,16.04,6800.0,109171.0
2024-01-04 10:24:00,16.05,16.05,16.04,16.04,3800.0,60961.0
2024-01-04 10:25:00,16.04,16.04,16.03,16.04,2600.0,41697.0
2024-01-04 10:26:00,16.03,16.03,15.99,16.0,28200.0,451117.0
2024-01-04 10:27:00,16.01,16.01,16.0,16.01,14100.0,225724.0
2024-01-04 10:28:00,16.03,16.03,16.0,16.0,9500.0,152072.0
2024-01-04 10:29:00,16.0,16.0,16.0,16.0,4700.0,75204.0
2024-01-04 10:30:00,16.0,16.01,16.0,16.01,5300.0,84850.0
2024-01-04 10:31:00,16.01,16.01,16.0,16.0,2600.0,41605.0
2024-01-04 10:32:00,16.0,16.01,16.0,16.01,5100.0,81650.0
2024-01-04 10:33:00,16.02,16.03,16.02,16.03,4300.0,68747.796875
2024-01-04 10:34:00,16.03,16.04,16.02,16.04,11200.0,179544.0
2024-01-04 10:35:00,16.04,16.17,16.04,16.16,68300.0,1099974.75
2024-01-04 10:36:00,16.15,16.19,16.13,16.18,90700.0,1465993.0
2024-01-04 10:37:00,16.17,16.21,16.16,16.19,86500.0,1399977.0
2024-01-04 10:38:00,16.17,16.17,16.15,16.16,33200.0,536571.0
2024-01-04 10:39:00,16.17,16.2,16.17,16.19,30800.0,498626.0
2024-01-04 10:40:00,16.19,16.27,16.16,16.16,70300.0,1140049.75
2024-01-04 10:41:00,16.15,16.17,16.15,16.15,29300.0,473567.0
2024-01-04 10:42:00,16.15,16.17,16.15,16.17,12400.0,200386.0
2024-01-04 10:43:00,16.17,16.2,16.17,16.18,26400.0,427318.0
2024-01-04 10:44:00,16.19,16.19,16.17,16.19,11600.0,187761.0
2024-01-04 10:45:00,16.17,16.17,16.14,16.15,19500.0,314961.0
2024-01-04 10:46:00,16.13,16.14,16.13,16.14,2200.0,35495.0
2024-01-04 10:47:00,16.14,16.17,16.14,16.17,13800.0,222968.0
2024-01-04 10:48:00,16.17,16.17,16.15,16.15,4700.0,75945.0
2024-01-04 10:49:00,16.15,16.17,16.14,16.14,16400.0,264878.0
2024-01-04 10:50:00,16.13,16.13,16.13,16.13,100.0,774.239990234375
2024-01-04 10:51:00,16.14,16.15,16.13,16.13,6700.0,108162.0
2024-01-04 10:52:00,16.13,16.13,16.13,16.13,13300.0,215369.75
2024-01-04 10:53:00,16.13,16.14,16.13,16.14,7400.0,118559.2421875
2024-01-04 10:54:00,16.14,16.14,16.13,16.13,4700.0,75849.0
2024-01-04 10:55:00,16.13,16.13,16.12,16.12,8200.0,133103.765625
2024-01-04 10:56:00,16.12,16.12,16.11,16.11,9600.0,154684.0
2024-01-04 10:57:00,16.12,16.13,16.12,16.13,7700.0,124118.0
2024-01-04 10:58:00,16.13,16.13,16.12,16.13,2300.0,37097.0
2024-01-04 10:59:00,16.12,16.13,16.11,16.12,7500.0,120885.0
2024-01-04 11:00:00,16.11,16.12,16.11,16.12,6300.0,101549.0
2024-01-04 11:01:00,16.12,16.14,16.11,16.14,12900.0,208060.0
2024-01-04 11:02:00,16.13,16.14,16.13,16.14,12500.0,201742.0
2024-01-04 11:03:00,16.13,16.14,16.13,16.14,3500.0,56472.0
2024-01-04 11:04:00,16.14,16.15,16.14,16.15,27400.0,442389.0
2024-01-04 11:05:00,16.14,16.15,16.14,16.15,14500.0,234045.0
2024-01-04 11:06:00,16.17,16.17,16.17,16.17,35800.0,578758.0
2024-01-04 11:07:00,16.16,16.16,16.15,16.15,10900.0,176141.0
2024-01-04 11:08:00,16.15,16.15,16.14,16.14,3800.0,61366.0
2024-01-04 11:09:00,16.14,16.14,16.14,16.14,400.0,6456.0
2024-01-04 11:10:00,16.14,16.14,16.12,16.12,4800.0,77442.0
2024-01-04 11:11:00,16.12,16.14,16.12,16.14,5400.0,87115.0
2024-01-04 11:12:00,16.14,16.14,16.13,16.13,1600.0,25822.0
2024-01-04 11:13:00,16.13,16.13,16.11,16.11,11300.0,182185.0
2024-01-04 11:14:00,16.13,16.16,16.13,16.16,9300.0,150174.0
2024-01-04 11:15:00,16.16,16.18,16.16,16.18,22700.0,366975.0
2024-01-04 11:16:00,16.18,16.19,16.17,16.17,11200.0,181233.0
2024-01-04 11:17:00,16.17,16.17,16.16,16.16,5900.0,95395.0
2024-01-04 11:18:00,16.16,16.18,16.16,16.18,9800.0,158435.0
2024-01-04 11:19:00,16.19,16.2,16.18,16.2,23800.0,385282.0
2024-01-04 11:20:00,16.2,16.23,16.2,16.2,32300.0,523712.0
2024-01-04 11:21:00,16.19,16.21,16.19,16.19,7400.0,119862.0
2024-01-04 11:22:00,16.2,16.2,16.19,16.2,2500.0,40496.0
2024-01-04 11:23:00,16.19,16.19,16.18,16.18,3200.0,51797.0
2024-01-04 11:24:00,16.19,16.19,16.18,16.19,3300.0,53412.0
2024-01-04 11:25:00,16.18,16.19,16.17,16.17,7400.0,119718.0
2024-01-04 11:26:00,16.18,16.19,16.17,16.18,6100.0,98724.0
2024-01-04 11:27:00,16.16,16.18,16.16,16.18,2500.0,40428.0
2024-01-04 11:28:00,16.18,16.18,16.17,16.17,7600.0,122965.0
2024-01-04 11:29:00,16.17,16.21,16.17,16.21,18000.0,291613.40625
2024-01-04 11:30:00,16.2,16.21,16.17,16.17,8200.0,132391.203125
2024-01-04 13:01:00,16.17,16.17,16.15,16.15,15200.0,245675.0
2024-01-04 13:02:00,16.17,16.17,16.16,16.16,700.0,11313.0
2024-01-04 13:03:00,16.16,16.16,16.15,16.16,2200.0,35546.0
2024-01-04 13:04:00,16.16,16.16,16.15,16.15,1100.0,17768.0
2024-01-04 13:05:00,16.15,16.16,16.14,16.15,17600.0,284224.0
2024-01-04 13:06:00,16.15,16.16,16.15,16.15,6400.0,103402.0
2024-01-04 13:07:00,16.13,16.14,16.13,16.13,2900.0,46795.0
2024-01-04 13:08:00,16.13,16.13,16.11,16.12,12300.0,198292.0
2024-01-04 13:09:00,16.11,16.11,16.1,16.1,2700.0,43492.0
2024-01-04 13:10:00,16.1,16.14,16.1,16.14,8400.0,135464.0
2024-01-04 13:11:00,16.14,16.17,16.13,16.16,19000.0,306673.0
2024-01-04 13:12:00,16.16,16.16,16.13,16.13,6000.0,96802.0
2024-01-04 13:13:00,16.13,16.13,16.12,16.12,5700.0,91941.0
2024-01-04 13:14:00,16.12,16.13,16.11,16.11,13100.0,211149.0
2024-01-04 13:15:00,16.11,16.13,16.11,16.12,3600.0,58055.0
2024-01-04 13:16:00,16.13,16.15,16.13,16.15,13500.0,217848.0
2024-01-04 13:17:00,16.14,16.14,16.14,16.14,4600.0,74243.0
2024-01-04 13:18:00,16.15,16.18,16.15,16.17,18100.0,292460.0
2024-01-04 13:19:00,16.19,16.19,16.18,16.19,3000.0,48567.0
2024-01-04 13:20:00,16.18,16.19,16.17,16.19,4400.0,71175.0
2024-01-04 13:21:00,16.19,16.19,16.18,16.19,8000.0,129513.0
2024-01-04 13:22:00,16.19,16.19,16.17,16.17,16800.0,271812.0
2024-01-04 13:23:00,16.16,16.16,16.15,16.15,500.0,8078.0
2024-01-04 13:24:00,16.16,16.16,16.15,16.16,1000.0,16158.0
2024-01-04 13:25:00,16.15,16.15,16.15,16.15,600.0,9690.0
2024-01-04 13:26:00,16.14,16.14,16.11,16.13,13100.0,211256.0
2024-01-04 13:27:00,16.13,16.15,16.13,16.15,11500.0,185553.0
2024-01-04 13:28:00,16.15,16.15,16.14,16.14,8600.0,138833.0
2024-01-04 13:29:00,16.13,16.13,16.12,16.13,2800.0,45158.0
2024-01-04 13:30:00,16.13,16.13,16.11,16.12,3600.0,58098.328125
2024-01-04 13:31:00,16.11,16.13,16.11,16.13,9400.0,151537.0
2024-01-04 13:32:00,16.13,16.14,16.13,16.13,3000.0,48392.0
2024-01-04 13:33:00,16.13,16.14,16.12,16.13,11000.0,177531.0
2024-01-04 13:34:00,16.13,16.14,16.13,16.14,3800.0,61311.0
2024-01-04 13:35:00,16.14,16.15,16.14,16.15,800.0,12918.0
2024-01-04 13:36:00,16.15,16.15,16.14,16.14,10500.0,169535.0
2024-01-04 13:37:00,16.14,16.14,16.14,16.14,2600.0,41964.0
2024-01-04 13:38:00,16.13,16.13,16.12,16.12,5100.0,82261.0
2024-01-04 13:39:00,16.12,16.12,16.12,16.12,200.0,3224.0
2024-01-04 13:40:00,16.12,16.14,16.12,16.13,9700.0,156417.0
2024-01-04 13:41:00,16.13,16.13,16.13,16.13,5000.0,79520.8984375
2024-01-04 13:42:00,16.13,16.14,16.13,16.14,1600.0,25819.0
2024-01-04 13:43:00,16.13,16.14,16.13,16.14,5800.0,93610.0
2024-01-04 13:44:00,16.14,16.18,16.14,16.17,26000.0,420860.75
2024-01-04 13:45:00,16.18,16.18,16.17,16.18,9700.0,156944.0
2024-01-04 13:46:00,16.17,16.18,16.17,16.17,5800.0,93205.8828125
2024-01-04 13:47:00,16.16,16.17,16.16,16.16,1200.0,19399.0
2024-01-04 13:48:00,16.16,16.17,16.16,16.17,10000.0,162280.125
2024-01-04 13:49:00,16.18,16.19,16.17,16.17,9900.0,160187.0
2024-01-04 13:50:00,16.17,16.17,16.14,16.15,5500.0,88836.0
2024-01-04 13:51:00,16.15,16.15,16.14,16.14,1500.0,24211.0
2024-01-04 13:52:00,16.14,16.15,16.14,16.15,15200.0,245438.0
2024-01-04 13:53:00,16.15,16.15,16.15,16.15,2600.0,41990.0
2024-01-04 13:54:00,16.15,16.17,16.15,16.17,19900.0,321629.0
2024-01-04 13:55:00,16.17,16.17,16.16,16.16,4800.0,77604.0
2024-01-04 13:56:00,16.16,16.17,16.15,16.15,4800.0,77538.0
2024-01-04 13:57:00,16.15,16.15,16.14,16.15,4100.0,66213.0
2024-01-04 13:58:00,16.15,16.15,16.14,16.14,4200.0,67819.0
2024-01-04 13:59:00,16.14,16.14,16.14,16.14,200.0,3228.0
2024-01-04 14:00:00,16.14,16.14,16.14,16.14,5500.0,88770.0
2024-01-04 14:01:00,16.14,16.14,16.12,16.12,7600.0,122629.0
2024-01-04 14:02:00,16.12,16.12,16.12,16.12,6300.0,101580.0
2024-01-04 14:03:00,16.12,16.12,16.11,16.11,7400.0,119255.0
2024-01-04 14:04:00,16.11,16.11,16.1,16.1,400.0,6442.0
2024-01-04 14:05:00,16.11,16.13,16.11,16.13,17600.0,283789.0
2024-01-04 14:06:00,16.13,16.14,16.13,16.14,5100.0,82300.0
2024-01-04 14:07:00,16.14,16.14,16.14,16.14,5500.0,88770.0
2024-01-04 14:08:00,16.13,16.16,16.13,16.14,19200.0,310062.0
2024-01-04 14:09:00,16.14,16.15,16.14,16.15,9000.0,145298.0
2024-01-04 14:10:00,16.14,16.16,16.14,16.15,5800.0,93678.0
2024-01-04 14:11:00,16.15,16.16,16.15,16.16,3400.0,54940.0
2024-01-04 14:12:00,16.16,16.17,16.15,16.16,6700.0,108277.1015625
2024-01-04 14:13:00,16.15,16.15,16.14,16.15,12200.0,197098.0
2024-01-04 14:14:00,16.14,16.14,16.14,16.14,500.0,8070.0
2024-01-04 14:15:00,16.16,16.16,16.15,16.15,4100.0,66225.0
2024-01-04 14:16:00,16.15,16.15,16.15,16.15,900.0,14535.0
2024-01-04 14:17:00,16.15,16.15,16.14,16.15,2700.0,43603.0
2024-01-04 14:18:00,16.15,16.15,16.14,16.14,10100.0,163113.0
2024-01-04 14:19:00,16.15,16.16,16.15,16.16,2000.0,32317.0
2024-01-04 14:20:00,16.15,16.17,16.15,16.16,6100.0,98580.0
2024-01-04 14:21:00,16.16,16.16,16.16,16.16,4300.0,69488.0
2024-01-04 14:22:00,16.17,16.17,16.17,16.17,8000.0,129352.0
2024-01-04 14:23:00,16.17,16.17,16.16,16.16,5500.0,88891.0
2024-01-04 14:24:00,16.16,16.16,16.16,16.16,5100.0,82416.0
2024-01-04 14:25:00,16.16,16.16,16.16,16.16,6300.0,101808.0
2024-01-04 14:26:00,16.16,16.16,16.15,16.15,2400.0,38782.0
2024-01-04 14:27:00,16.16,16.16,16.15,16.15,2400.0,38779.0
2024-01-04 14:28:00,16.16,16.17,16.16,16.17,20000.0,323299.0
2024-01-04 14:29:00,16.17,16.18,16.17,16.17,3600.0,58214.0
2024-01-04 14:30:00,16.16,16.17,16.16,16.16,600.0,9698.0
2024-01-04 14:31:00,16.16,16.16,16.14,16.14,25400.0,410329.0
2024-01-04 14:32:00,16.14,16.15,16.14,16.15,11400.0,184426.0
2024-01-04 14:33:00,16.16,16.16,16.15,16.16,7900.0,127666.0
2024-01-04 14:34:00,16.16,16.16,16.15,16.16,8300.0,134105.0
2024-01-04 14:35:00,16.15,16.17,16.15,16.16,25900.0,418683.0
2024-01-04 14:36:00,16.16,16.19,16.16,16.18,30500.0,493439.0
2024-01-04 14:37:00,16.19,16.21,16.19,16.2,30000.0,486012.0
2024-01-04 14:38:00,16.2,16.2,16.19,16.19,10400.0,168476.0
2024-01-04 14:39:00,16.19,16.21,16.19,16.21,12100.0,196017.0
2024-01-04 14:40:00,16.21,16.21,16.19,16.2,10900.0,176583.0
2024-01-04 14:41:00,16.19,16.2,16.18,16.2,16200.0,262327.0
2024-01-04 14:42:00,16.2,16.2,16.18,16.19,16800.0,271987.0
2024-01-04 14:43:00,16.19,16.19,16.18,16.18,15000.0,242773.0
2024-01-04 14:44:00,16.18,16.18,16.17,16.17,6900.0,111598.0
2024-01-04 14:45:00,16.18,16.19,16.17,16.17,33100.0,535713.0
2024-01-04 14:46:00,16.19,16.21,16.17,16.21,26300.0,425904.0
2024-01-04 14:47:00,16.21,16.21,16.2,16.2,27200.0,440710.0
2024-01-04 14:48:00,16.2,16.23,16.2,16.22,19600.0,317658.0
2024-01-04 14:49:00,16.22,16.22,16.2,16.21,20200.0,326721.59375
2024-01-04 14:50:00,16.22,16.22,16.2,16.21,20700.0,335735.59375
2024-01-04 14:51:00,16.2,16.22,16.2,16.22,8400.0,136160.0
2024-01-04 14:52:00,16.21,16.23,16.21,16.21,14500.0,235167.0
2024-01-04 14:53:00,16.22,16.23,16.21,16.23,30500.0,494837.0
2024-01-04 14:54:00,16.24,16.24,16.2,16.21,21600.0,350441.0
2024-01-04 14:55:00,16.21,16.21,16.19,16.2,14800.0,239843.96875
2024-01-04 14:56:00,16.21,16.23,16.2,16.22,21100.0,342250.0
2024-01-04 14:57:00,16.22,16.22,16.19,16.19,42900.0,695431.0
2024-01-04 14:58:00,16.18,16.18,16.18,16.18,100.0,1618.0
2024-01-04 14:59:00,16.18,16.18,16.18,16.18,0.0,0.0
2024-01-04 15:00:00,16.18,16.18,16.18,16.18,57700.0,933683.0625
2024-01-05 09:31:00,16.04,16.19,16.04,16.1,99800.0,1609459.0
2024-01-05 09:32:00,16.1,16.16,16.09,16.14,20200.0,325475.0
2024-01-05 09:33:00,16.14,16.14,16.05,16.05,25200.0,405583.0
2024-01-05 09:34:00,16.04,16.1,16.03,16.09,27600.0,443723.0
2024-01-05 09:35:00,16.09,16.12,16.08,16.1,13500.0,217357.0
2024-01-05 09:36:00,16.1,16.11,16.08,16.11,18000.0,289787.0
2024-01-05 09:37:00,16.12,16.12,16.1,16.11,38600.0,622114.375
2024-01-05 09:38:00,16.11,16.11,16.1,16.1,12000.0,193265.0
2024-01-05 09:39:00,16.1,16.1,16.06,16.07,15000.0,241129.0
2024-01-05 09:40:00,16.06,16.07,16.06,16.06,12100.0,194428.0
2024-01-05 09:41:00,16.07,16.08,16.07,16.07,8100.0,130166.0
2024-01-05 09:42:00,16.06,16.06,16.05,16.06,8400.0,133586.0
2024-01-05 09:43:00,16.05,16.05,16.0,16.03,35400.0,568750.0
2024-01-05 09:44:00,16.03,16.04,16.0,16.02,33500.0,536730.0
2024-01-05 09:45:00,16.01,16.01,15.98,16.0,41700.0,666591.0
2024-01-05 09:46:00,16.0,16.02,16.0,16.0,11600.0,185655.0
2024-01-05 09:47:00,16.0,16.01,15.97,15.97,24700.0,395000.0
2024-01-05 09:48:00,15.97,15.97,15.96,15.96,14600.0,233075.0
2024-01-05 09:49:00,15.96,15.96,15.95,15.96,8300.0,132466.0
2024-01-05 09:50:00,15.96,15.99,15.96,15.98,26800.0,428041.0
2024-01-05 09:51:00,15.98,16.02,15.98,16.01,16100.0,257668.0
2024-01-05 09:52:00,16.0,16.0,15.97,15.97,7900.0,126250.0
2024-01-05 09:53:00,15.96,15.97,15.95,15.96,7400.0,118087.0
2024-01-05 09:54:00,15.96,15.97,15.95,15.95,20500.0,327200.0
2024-01-05 09:55:00,15.96,15.96,15.93,15.95,25200.0,401786.0
2024-01-05 09:56:00,15.95,15.95,15.93,15.93,9300.0,148267.0
2024-01-05 09:57:00,15.93,15.94,15.92,15.92,4900.0,78041.0
2024-01-05 09:58:00,15.92,15.92,15.89,15.89,39200.0,623643.0
2024-01-05 09:59:00,15.88,15.9,15.88,15.9,13900.0,220787.0
2024-01-05 10:00:00,15.89,15.91,15.89,15.9,15500.0,246433.0
2024-01-05 10:01:00,15.9,15.94,15.9,15.93,23300.0,371153.0
2024-01-05 10:02:00,15.92,15.94,15.91,15.94,17600.0,280293.0
2024-01-05 10:03:00,15.94,15.94,15.93,15.93,3400.0,54163.0
2024-01-05 10:04:00,15.93,15.94,15.93,15.93,4300.0,68511.0
2024-01-05 10:05:00,15.92,15.92,15.9,15.9,12700.0,202038.0
2024-01-05 10:06:00,15.89,15.9,15.89,15.9,13300.0,211394.0
2024-01-05 10:07:00,15.91,15.91,15.89,15.91,7400.0,117629.0
2024-01-05 10:08:00,15.9,15.91,15.9,15.91,3300.0,52495.0
2024-01-05 10:09:00,15.91,15.91,15.9,15.9,6700.0,106527.0
2024-01-05 10:10:00,15.9,15.91,15.9,15.91,3100.0,49312.0
2024-01-05 10:11:00,15.91,15.92,15.9,15.92,11400.0,181364.0
2024-01-05 10:12:00,15.92,15.93,15.92,15.93,6800.0,108308.0
2024-01-05 10:13:00,15.93,15.94,15.93,15.93,9500.0,151333.0
2024-01-05 10:14:00,15.92,15.92,15.91,15.92,10500.0,167125.0
2024-01-05 10:15:00,15.91,15.92,15.91,15.92,5700.0,90703.0
2024-01-05 10:16:00,15.92,15.92,15.9,15.9,3800.0,60449.0
2024-01-05 10:17:00,15.9,15.91,15.89,15.91,8400.0,133574.0
2024-01-05 10:18:00,15.91,15.91,15.88,15.88,14900.0,236761.0
2024-01-05 10:19:00,15.88,15.89,15.87,15.88,10500.0,166713.0
2024-01-05 10:20:00,15.88,15.88,15.87,15.88,900.0,14289.0
2024-01-05 10:21:00,15.88,15.9,15.88,15.88,11000.0,174756.0
2024-01-05 10:22:00,15.88,15.89,15.85,15.86,26900.0,426908.0
2024-01-05 10:23:00,15.86,15.87,15.86,15.87,9800.0,155547.0
2024-01-05 10:24:00,15.86,15.88,15.86,15.88,4500.0,71417.0
2024-01-05 10:25:00,15.88,15.9,15.88,15.9,13000.0,206474.0
2024-01-05 10:26:00,15.9,15.92,15.89,15.89,45300.0,719003.8125
2024-01-05 10:27:00,15.9,15.91,15.9,15.91,1300.0,20674.0
2024-01-05 10:28:00,15.91,15.93,15.91,15.92,18300.0,291353.0
2024-01-05 10:29:00,15.91,15.92,15.9,15.9,3300.0,52489.0
2024-01-05 10:30:00,15.9,15.91,15.9,15.91,4000.0,63602.0
2024-01-05 10:31:00,15.9,15.94,15.9,15.94,6400.0,101869.0
2024-01-05 10:32:00,15.94,15.94,15.93,15.93,24900.0,396659.0
2024-01-05 10:33:00,15.94,15.94,15.92,15.93,11500.0,183175.0
2024-01-05 10:34:00,15.92,15.92,15.91,15.91,14300.0,227622.0
2024-01-05 10:35:00,15.92,15.92,15.9,15.9,5500.0,87487.0
2024-01-05 10:36:00,15.89,15.91,15.89,15.89,13700.0,217802.0
2024-01-05 10:37:00,15.89,15.91,15.89,15.9,5600.0,88990.0
2024-01-05 10:38:00,15.9,15.9,15.9,15.9,500.0,7947.0
2024-01-05 10:39:00,15.89,15.91,15.89,15.91,9200.0,146272.0
2024-01-05 10:40:00,15.9,15.9,15.89,15.9,3300.0,52452.0
2024-01-05 10:41:00,15.9,15.9,15.89,15.9,2300.0,36564.0
2024-01-05 10:42:00,15.9,15.9,15.87,15.87,10500.0,166732.0
2024-01-05 10:43:00,15.87,15.88,15.87,15.88,500.0,7937.0
2024-01-05 10:44:00,15.88,15.89,15.88,15.89,8200.0,130701.3984375
2024-01-05 10:45:00,15.88,15.88,15.88,15.88,2600.0,40811.6015625
2024-01-05 10:46:00,15.88,15.9,15.88,15.88,5300.0,84189.0
2024-01-05 10:47:00,15.88,15.88,15.86,15.86,6200.0,98385.0
2024-01-05 10:48:00,15.87,15.88,15.87,15.88,4400.0,69829.0
2024-01-05 10:49:00,15.87,15.88,15.86,15.87,8800.0,139646.0
2024-01-05 10:50:00,15.86,15.86,15.82,15.84,55700.0,882105.0
2024-01-05 10:51:00,15.85,15.85,15.83,15.85,14700.0,232828.0
2024-01-05 10:52:00,15.83,15.84,15.83,15.84,3800.0,60143.0
2024-01-05 10:53:00,15.83,15.84,15.83,15.84,8000.0,126714.0
2024-01-05 10:54:00,15.84,15.85,15.84,15.85,2800.0,44352.0
2024-01-05 10:55:00,15.85,15.85,15.83,15.84,3300.0,52266.0
2024-01-05 10:56:00,15.83,15.84,15.83,15.84,7700.0,121961.0
2024-01-05 10:57:00,15.84,15.84,15.83,15.83,2200.0,34834.0
2024-01-05 10:58:00,15.82,15.83,15.81,15.83,18800.0,297462.0
2024-01-05 10:59:00,15.83,15.83,15.83,15.83,1600.0,25328.0
2024-01-05 11:00:00,15.83,15.83,15.83,15.83,1600.0,25326.0
2024-01-05 11:01:00,15.83,15.84,15.83,15.84,4300.0,68072.0
2024-01-05 11:02:00,15.83,15.85,15.83,15.85,12000.0,190066.0
2024-01-05 11:03:00,15.86,15.88,15.86,15.86,3000.0,47605.0
2024-01-05 11:04:00,15.87,15.87,15.86,15.87,900.0,14276.0
2024-01-05 11:05:00,15.86,15.86,15.85,15.86,3500.0,55502.0
2024-01-05 11:06:00,15.86,15.87,15.86,15.86,5300.0,84065.0
2024-01-05 11:07:00,15.86,15.89,15.86,15.89,9900.0,157189.0
2024-01-05 11:08:00,15.89,15.89,15.87,15.88,8600.0,136589.0
2024-01-05 11:09:00,15.88,15.88,15.88,15.88,2500.0,39700.0
2024-01-05 11:10:00,15.88,15.89,15.88,15.89,2600.0,41299.0
2024-01-05 11:11:00,15.89,15.91,15.88,15.88,33000.0,524486.0
2024-01-05 11:12:00,15.88,15.88,15.87,15.87,5800.0,92085.0
2024-01-05 11:13:00,15.87,15.88,15.87,15.88,1000.0,15872.0
2024-01-05 11:14:00,15.87,15.87,15.87,15.87,5700.0,90472.0
2024-01-05 11:15:00,15.87,15.87,15.87,15.87,500.0,7935.0
2024-01-05 11:16:00,15.86,15.86,15.86,15.86,5000.0,79300.0
2024-01-05 11:17:00,15.85,15.85,15.84,15.84,6700.0,106187.0
2024-01-05 11:18:00,15.85,15.86,15.85,15.86,1400.0,22188.0
2024-01-05 11:19:00,15.86,15.88,15.86,15.86,14300.0,226862.0
2024-01-05 11:20:00,15.87,15.87,15.85,15.86,20700.0,328271.0
2024-01-05 11:21:00,15.86,15.86,15.86,15.86,2700.0,42822.0
2024-01-05 11:22:00,15.87,15.87,15.87,15.87,7200.0,114250.0
2024-01-05 11:23:00,15.86,15.87,15.86,15.86,1300.0,20623.0
2024-01-05 11:24:00,15.86,15.87,15.86,15.87,700.0,11107.0
2024-01-05 11:25:00,15.87,15.89,15.87,15.88,10300.0,163571.0
2024-01-05 11:26:00,15.9,15.9,15.89,15.89,4000.0,63564.0
2024-01-05 11:27:00,15.89,15.9,15.89,15.9,8900.0,141443.0
2024-01-05 11:28:00,15.9,15.9,15.88,15.88,6700.0,106432.0
2024-01-05 11:29:00,15.88,15.88,15.88,15.88,2700.0,42876.0
2024-01-05 11:30:00,15.87,15.87,15.87,15.87,1300.0,20631.0
2024-01-05 13:01:00,15.87,15.87,15.84,15.86,49700.0,787801.0
2024-01-05 13:02:00,15.86,15.87,15.85,15.85,3000.0,47579.0
2024-01-05 13:03:00,15.85,15.89,15.85,15.88,19900.0,315974.0
2024-01-05 13:04:00,15.87,15.87,15.87,15.87,3800.0,60311.0
2024-01-05 13:05:00,15.87,15.87,15.87,15.87,5000.0,79350.0
2024-01-05 13:06:00,15.87,15.87,15.85,15.86,8600.0,136389.0
2024-01-05 13:07:00,15.86,15.86,15.84,15.84,15700.0,248791.0
2024-01-05 13:08:00,15.84,15.84,15.84,15.84,400.0,6336.0
2024-01-05 13:09:00,15.84,15.84,15.83,15.83,5800.0,91863.0
2024-01-05 13:10:00,15.83,15.84,15.83,15.83,10700.0,169376.0
2024-01-05 13:11:00,15.83,15.85,15.83,15.85,13600.0,215471.0
2024-01-05 13:12:00,15.85,15.85,15.84,15.85,6500.0,102973.0
2024-01-05 13:13:00,15.85,15.85,15.83,15.83,2700.0,42766.0
2024-01-05 13:14:00,15.84,15.84,15.83,15.83,5600.0,88653.0
2024-01-05 13:15:00,15.83,15.84,15.83,15.83,10900.0,173119.875
2024-01-05 13:16:00,15.84,15.86,15.84,15.86,17600.0,278956.0
2024-01-05 13:17:00,15.86,15.86,15.85,15.86,2500.0,39628.0
2024-01-05 13:18:00,15.85,15.86,15.84,15.84,16200.0,256688.0
2024-01-05 13:19:00,15.84,15.85,15.84,15.85,1700.0,26931.0
2024-01-05 13:20:00,15.84,15.84,15.83,15.83,5800.0,91836.0
2024-01-05 13:21:00,15.84,15.84,15.83,15.84,400.0,6335.0
2024-01-05 13:22:00,15.83,15.84,15.83,15.84,500.0,7916.0
2024-01-05 13:23:00,15.82,15.82,15.81,15.81,15200.0,240417.0
2024-01-05 13:24:00,15.81,15.83,15.81,15.83,5300.0,83856.0
2024-01-05 13:25:00,15.83,15.83,15.82,15.83,4500.0,71231.0
2024-01-05 13:26:00,15.82,15.82,15.82,15.82,8100.0,128141.0
2024-01-05 13:27:00,15.81,15.82,15.8,15.81,16700.0,264016.0
2024-01-05 13:28:00,15.81,15.82,15.81,15.81,18300.0,289391.0
2024-01-05 13:29:00,15.82,15.82,15.81,15.82,1500.0,23726.0
2024-01-05 13:30:00,15.82,15.83,15.82,15.83,2700.0,42720.0
2024-01-05 13:31:00,15.82,15.84,15.82,15.83,35300.0,558639.0
2024-01-05 13:32:00,15.83,15.84,15.83,15.84,23700.0,375353.0
2024-01-05 13:33:00,15.84,15.84,15.82,15.82,5500.0,87012.0
2024-01-05 13:34:00,15.82,15.84,15.82,15.84,5200.0,82302.0
2024-01-05 13:35:00,15.84,15.84,15.84,15.84,100.0,1584.0
2024-01-05 13:36:00,15.82,15.85,15.82,15.85,14400.0,228071.0
2024-01-05 13:37:00,15.85,15.85,15.84,15.84,8400.0,133073.0
2024-01-05 13:38:00,15.83,15.83,15.81,15.81,11200.0,177154.0
2024-01-05 13:39:00,15.81,15.81,15.8,15.8,600.0,9481.0
2024-01-05 13:40:00,15.8,15.8,15.8,15.8,25900.0,409221.0
2024-01-05 13:41:00,15.79,15.81,15.79,15.81,10800.0,171552.796875
2024-01-05 13:42:00,15.81,15.81,15.8,15.8,1100.0,17384.0
2024-01-05 13:43:00,15.8,15.81,15.78,15.8,9400.0,148398.0
2024-01-05 13:44:00,15.8,15.8,15.8,15.8,200.0,3160.0
2024-01-05 13:45:00,15.8,15.8,15.78,15.79,1400.0,22104.0
2024-01-05 13:46:00,15.79,15.79,15.78,15.78,7300.0,115227.0
2024-01-05 13:47:00,15.79,15.8,15.79,15.8,5100.0,80530.0
2024-01-05 13:48:00,15.8,15.8,15.79,15.79,1900.0,30003.0
2024-01-05 13:49:00,15.78,15.79,15.78,15.79,10700.0,168852.0
2024-01-05 13:50:00,15.79,15.79,15.78,15.78,3700.0,58422.0
2024-01-05 13:51:00,15.8,15.81,15.78,15.81,4900.0,77411.0
2024-01-05 13:52:00,15.8,15.8,15.78,15.79,11200.0,176860.0
2024-01-05 13:53:00,15.79,15.79,15.77,15.77,10800.0,170426.0
2024-01-05 13:54:00,15.77,15.77,15.77,15.77,5100.0,80427.0
2024-01-05 13:55:00,15.78,15.78,15.76,15.77,3100.0,48887.0
2024-01-05 13:56:00,15.77,15.77,15.77,15.77,2100.0,33115.0
2024-01-05 13:57:00,15.76,15.77,15.76,15.77,3900.0,61472.0
2024-01-05 13:58:00,15.77,15.79,15.77,15.78,9400.0,148294.0
2024-01-05 13:59:00,15.78,15.78,15.76,15.76,16600.0,261671.0
2024-01-05 14:00:00,15.76,15.76,15.75,15.76,6300.0,99277.0
2024-01-05 14:01:00,15.78,15.8,15.77,15.79,16100.0,253854.59375
2024-01-05 14:02:00,15.79,15.8,15.79,15.8,5200.0,82137.0
2024-01-05 14:03:00,15.8,15.81,15.79,15.81,4200.0,66356.0
2024-01-05 14:04:00,15.81,15.81,15.79,15.79,5400.0,85313.0
2024-01-05 14:05:00,15.8,15.8,15.78,15.8,7700.0,121575.0
2024-01-05 14:06:00,15.79,15.79,15.79,15.79,4000.0,63163.0
2024-01-05 14:07:00,15.78,15.78,15.76,15.77,4400.0,69403.0
2024-01-05 14:08:00,15.76,15.77,15.76,15.76,4300.0,67769.0
2024-01-05 14:09:00,15.76,15.76,15.76,15.76,1100.0,17336.0
2024-01-05 14:10:00,15.75,15.77,15.75,15.75,6900.0,108738.0
2024-01-05 14:11:00,15.75,15.75,15.74,15.74,6100.0,96079.0
2024-01-05 14:12:00,15.75,15.75,15.74,15.74,4000.0,62963.0
2024-01-05 14:13:00,15.74,15.74,15.74,15.74,2200.0,34628.0
2024-01-05 14:14:00,15.75,15.75,15.75,15.75,15000.0,236262.0
2024-01-05 14:15:00,15.75,15.75,15.74,15.74,10700.0,168465.0
2024-01-05 14:16:00,15.73,15.73,15.73,15.73,8300.0,130559.0
2024-01-05 14:17:00,15.73,15.73,15.71,15.71,12700.0,199636.0
2024-01-05 14:18:00,15.7,15.72,15.7,15.71,28400.0,446081.0
2024-01-05 14:19:00,15.71,15.72,15.71,15.71,4300.0,67573.0
2024-01-05 14:20:00,15.72,15.72,15.7,15.7,9900.0,155505.0
2024-01-05 14:21:00,15.69,15.69,15.68,15.69,7400.0,116104.0
2024-01-05 14:22:00,15.68,15.69,15.67,15.69,13100.0,205429.0
2024-01-05 14:23:00,15.68,15.69,15.68,15.69,3300.0,51770.0
2024-01-05 14:24:00,15.68,15.68,15.67,15.67,11800.0,185020.0
2024-01-05 14:25:00,15.68,15.68,15.65,15.67,13300.0,208318.0
2024-01-05 14:26:00,15.67,15.67,15.66,15.67,7900.0,123769.0
2024-01-05 14:27:00,15.66,15.66,15.66,15.66,200.0,3132.0
2024-01-05 14:28:00,15.67,15.69,15.67,15.68,22400.0,351124.0
2024-01-05 14:29:00,15.69,15.69,15.67,15.67,38700.0,606782.0
2024-01-05 14:30:00,15.68,15.68,15.66,15.67,12600.0,197434.0
2024-01-05 14:31:00,15.67,15.68,15.66,15.66,16100.0,252331.0
2024-01-05 14:32:00,15.66,15.67,15.66,15.67,6100.0,95586.0
2024-01-05 14:33:00,15.66,15.68,15.64,15.67,60700.0,950260.0
2024-01-05 14:34:00,15.67,15.67,15.67,15.67,7700.0,120659.0
2024-01-05 14:35:00,15.67,15.67,15.64,15.66,14400.0,225504.0
2024-01-05 14:36:00,15.67,15.67,15.65,15.65,3500.0,54818.0
2024-01-05 14:37:00,15.65,15.65,15.63,15.63,11300.0,176688.0
2024-01-05 14:38:00,15.64,15.64,15.63,15.63,7900.0,123505.0
2024-01-05 14:39:00,15.64,15.65,15.63,15.64,20400.0,318968.0
2024-01-05 14:40:00,15.64,15.64,15.63,15.63,9700.0,151682.0
2024-01-05 14:41:00,15.63,15.67,15.63,15.65,63200.0,988419.0
2024-01-05 14:42:00,15.64,15.64,15.63,15.63,11800.0,184526.0
2024-01-05 14:43:00,15.63,15.65,15.63,15.65,15300.0,239308.0
2024-01-05 14:44:00,15.65,15.65,15.6,15.6,67800.0,1059172.0
2024-01-05 14:45:00,15.63,15.65,15.63,15.65,8700.0,135460.15625
2024-01-05 14:46:00,15.65,15.67,15.64,15.65,16800.0,262916.0
2024-01-05 14:47:00,15.65,15.66,15.64,15.64,7100.0,110908.703125
2024-01-05 14:48:00,15.64,15.67,15.64,15.66,12200.0,190978.0
2024-01-05 14:49:00,15.67,15.67,15.63,15.63,6600.0,103300.0
2024-01-05 14:50:00,15.63,15.65,15.62,15.64,5500.0,86000.1015625
2024-01-05 14:51:00,15.63,15.66,15.63,15.66,4400.0,68848.0
2024-01-05 14:52:00,15.65,15.68,15.64,15.68,35900.0,562332.0
2024-01-05 14:53:00,15.66,15.69,15.66,15.67,12900.0,202298.0
2024-01-05 14:54:00,15.69,15.73,15.69,15.71,32800.0,515279.0
2024-01-05 14:55:00,15.72,15.73,15.69,15.73,29800.0,468227.0
2024-01-05 14:56:00,15.74,15.74,15.7,15.71,33800.0,531115.0
2024-01-05 14:57:00,15.71,15.71,15.69,15.71,9300.0,146047.0
2024-01-05 14:58:00,15.71,15.71,15.71,15.71,0.0,0.0
2024-01-05 14:59:00,15.71,15.71,15.71,15.71,0.0,0.0
2024-01-05 15:00:00,15.74,15.74,15.74,15.74,44200.0,695708.0
2024-01-08 09:31:00,15.59,15.68,15.52,15.62,96800.0,1509104.0
2024-01-08 09:32:00,15.61,15.64,15.58,15.61,41500.0,647255.0
2024-01-08 09:33:00,15.63,15.63,15.58,15.59,50500.0,787815.0
2024-01-08 09:34:00,15.58,15.6,15.58,15.58,26500.0,413093.0
2024-01-08 09:35:00,15.56,15.56,15.51,15.51,25900.0,402345.0
2024-01-08 09:36:00,15.51,15.55,15.51,15.54,10400.0,161492.0
2024-01-08 09:37:00,15.54,15.57,15.54,15.56,9300.0,144658.0
2024-01-08 09:38:00,15.56,15.57,15.55,15.55,15200.0,236445.0
2024-01-08 09:39:00,15.55,15.57,15.55,15.56,7600.0,118269.0
2024-01-08 09:40:00,15.56,15.56,15.52,15.52,18700.0,290688.0
2024-01-08 09:41:00,15.53,15.55,15.52,15.54,13800.0,214316.0
2024-01-08 09:42:00,15.55,15.56,15.54,15.56,4800.0,74639.0
2024-01-08 09:43:00,15.56,15.57,15.5,15.5,42200.0,655745.0
2024-01-08 09:44:00,15.48,15.5,15.48,15.5,55400.0,858433.0
2024-01-08 09:45:00,15.52,15.52,15.49,15.49,6900.0,106926.0
2024-01-08 09:46:00,15.5,15.54,15.5,15.52,18200.0,282471.0
2024-01-08 09:47:00,15.52,15.54,15.52,15.54,6700.0,104011.0
2024-01-08 09:48:00,15.53,15.53,15.51,15.51,5500.0,85344.0
2024-01-08 09:49:00,15.5,15.55,15.5,15.55,18000.0,279545.0
2024-01-08 09:50:00,15.55,15.55,15.54,15.55,4500.0,69967.0
2024-01-08 09:51:00,15.55,15.59,15.55,15.59,15000.0,233526.0
2024-01-08 09:52:00,15.58,15.59,15.55,15.55,14900.0,232028.0
2024-01-08 09:53:00,15.54,15.54,15.53,15.54,5700.0,88568.0
2024-01-08 09:54:00,15.53,15.53,15.51,15.52,6300.0,97757.0
2024-01-08 09:55:00,15.52,15.53,15.51,15.52,9000.0,139618.0
2024-01-08 09:56:00,15.52,15.54,15.51,15.53,18300.0,284122.0
2024-01-08 09:57:00,15.54,15.54,15.53,15.53,1400.0,21748.0
2024-01-08 09:58:00,15.53,15.54,15.52,15.54,6600.0,102498.0
2024-01-08 09:59:00,15.53,15.59,15.53,15.59,21800.0,338854.0
2024-01-08 10:00:00,15.57,15.57,15.55,15.56,10500.0,164005.0
2024-01-08 10:01:00,15.56,15.6,15.56,15.59,14300.0,222871.0
2024-01-08 10:02:00,15.58,15.58,15.54,15.56,8100.0,126051.0
2024-01-08 10:03:00,15.55,15.56,15.55,15.55,4400.0,68440.0
2024-01-08 10:04:00,15.57,15.59,15.57,15.57,22300.0,347348.0
2024-01-08 10:05:00,15.57,15.57,15.55,15.55,6500.0,101142.0
2024-01-08 10:06:00,15.55,15.56,15.55,15.55,5900.0,91768.0
2024-01-08 10:07:00,15.55,15.55,15.51,15.52,14600.0,226605.0
2024-01-08 10:08:00,15.51,15.52,15.51,15.52,4400.0,68245.0
2024-01-08 10:09:00,15.51,15.53,15.51,15.53,9300.0,144310.0
2024-01-08 10:10:00,15.52,15.52,15.51,15.51,1900.0,29479.0
2024-01-08 10:11:00,15.51,15.51,15.5,15.5,4100.0,63584.0
2024-01-08 10:12:00,15.49,15.49,15.48,15.48,31200.0,483487.0
2024-01-08 10:13:00,15.48,15.48,15.47,15.47,6300.0,97474.0
2024-01-08 10:14:00,15.47,15.48,15.47,15.47,2800.0,43317.0
2024-01-08 10:15:00,15.48,15.48,15.48,15.48,8400.0,130025.0
2024-01-08 10:16:00,15.49,15.49,15.47,15.49,7600.0,117685.0
2024-01-08 10:17:00,15.47,15.48,15.47,15.47,6600.0,102129.0
2024-01-08 10:18:00,15.47,15.48,15.47,15.48,4500.0,69642.0
2024-01-08 10:19:00,15.48,15.51,15.47,15.51,14600.0,226127.0
2024-01-08 10:20:00,15.51,15.51,15.51,15.51,2400.0,37224.0
2024-01-08 10:21:00,15.52,15.54,15.52,15.53,7900.0,122668.0390625
2024-01-08 10:22:00,15.53,15.53,15.5,15.51,15300.0,237427.0
2024-01-08 10:23:00,15.52,15.52,15.51,15.51,9900.0,153639.0
2024-01-08 10:24:00,15.5,15.5,15.48,15.48,6300.0,97622.0
2024-01-08 10:25:00,15.48,15.48,15.47,15.47,5700.0,88196.0
2024-01-08 10:26:00,15.46,15.47,15.45,15.47,18500.0,286058.0
2024-01-08 10:27:00,15.48,15.49,15.45,15.45,4500.0,69680.8984375
2024-01-08 10:28:00,15.48,15.48,15.44,15.46,10000.0,154486.96875
2024-01-08 10:29:00,15.45,15.46,15.45,15.45,1800.0,27817.0
2024-01-08 10:30:00,15.45,15.46,15.45,15.45,4100.0,62739.0
2024-01-08 10:31:00,15.46,15.49,15.45,15.49,9200.0,142375.0
2024-01-08 10:32:00,15.48,15.49,15.47,15.49,15900.0,246115.0
2024-01-08 10:33:00,15.48,15.5,15.48,15.49,7500.0,116226.0
2024-01-08 10:34:00,15.49,15.49,15.47,15.47,4200.0,65000.0
2024-01-08 10:35:00,15.44,15.49,15.44,15.49,11600.0,179485.0
2024-01-08 10:36:00,15.48,15.48,15.47,15.48,5000.0,77380.0
2024-01-08 10:37:00,15.48,15.48,15.46,15.46,2300.0,35584.0
2024-01-08 10:38:00,15.48,15.51,15.48,15.51,10500.0,162622.0
2024-01-08 10:39:00,15.5,15.52,15.5,15.52,3800.0,58941.0
2024-01-08 10:40:00,15.49,15.52,15.49,15.49,3300.0,51133.0
2024-01-08 10:41:00,15.49,15.49,15.48,15.49,3600.0,55735.0
2024-01-08 10:42:00,15.48,15.48,15.48,15.48,5300.0,82044.0
2024-01-08 10:43:00,15.49,15.49,15.48,15.48,9700.0,150223.0
2024-01-08 10:44:00,15.47,15.48,15.47,15.47,800.0,12378.0
2024-01-08 10:45:00,15.47,15.48,15.47,15.48,4200.0,65009.0
2024-01-08 10:46:00,15.46,15.47,15.46,15.46,1300.0,20105.0
2024-01-08 10:47:00,15.46,15.47,15.46,15.47,10800.0,167003.0
2024-01-08 10:48:00,15.47,15.48,15.47,15.48,6000.0,92871.0
2024-01-08 10:49:00,15.47,15.47,15.46,15.47,1100.0,17011.0
2024-01-08 10:50:00,15.47,15.47,15.46,15.46,800.0,12375.0
2024-01-08 10:51:00,15.46,15.46,15.45,15.46,1900.0,29369.0
2024-01-08 10:52:00,15.45,15.45,15.45,15.45,8800.0,135950.0
2024-01-08 10:53:00,15.45,15.46,15.44,15.46,1400.0,21631.0
2024-01-08 10:54:00,15.45,15.45,15.44,15.44,2300.0,35513.0
2024-01-08 10:55:00,15.43,15.45,15.43,15.45,8800.0,135913.0
2024-01-08 10:56:00,15.46,15.47,15.44,15.44,6900.0,106675.0
2024-01-08 10:57:00,15.47,15.47,15.47,15.47,500.0,7733.0
2024-01-08 10:58:00,15.45,15.46,15.45,15.46,20100.0,310422.0
2024-01-08 10:59:00,15.47,15.48,15.47,15.48,4100.0,63882.5
2024-01-08 11:00:00,15.48,15.48,15.47,15.48,3800.0,58780.0
2024-01-08 11:01:00,15.47,15.47,15.46,15.47,2300.0,35570.0
2024-01-08 11:02:00,15.46,15.46,15.45,15.46,5900.0,91183.0
2024-01-08 11:03:00,15.46,15.47,15.45,15.47,19600.0,302926.0
2024-01-08 11:04:00,15.47,15.47,15.46,15.46,400.0,6186.0
2024-01-08 11:05:00,15.45,15.45,15.44,15.44,3800.0,58711.0
2024-01-08 11:06:00,15.46,15.46,15.45,15.46,6800.0,105065.0
2024-01-08 11:07:00,15.44,15.45,15.44,15.45,2800.0,43243.0
2024-01-08 11:08:00,15.45,15.45,15.42,15.42,17000.0,262262.0
2024-01-08 11:09:00,15.42,15.45,15.42,15.45,11500.0,177574.0
2024-01-08 11:10:00,15.46,15.46,15.44,15.45,2000.0,30910.0
2024-01-08 11:11:00,15.44,15.45,15.44,15.44,7600.0,117379.0
2024-01-08 11:12:00,15.44,15.45,15.44,15.44,1000.0,15441.0
2024-01-08 11:13:00,15.44,15.46,15.44,15.46,8900.0,137504.0
2024-01-08 11:14:00,15.47,15.47,15.43,15.43,30300.0,467872.0
2024-01-08 11:15:00,15.43,15.44,15.42,15.42,4600.0,70968.0
2024-01-08 11:16:00,15.43,15.43,15.42,15.42,7200.0,110075.2734375
2024-01-08 11:17:00,15.42,15.46,15.42,15.45,3300.0,50953.0
2024-01-08 11:18:00,15.45,15.47,15.45,15.47,6000.0,92757.0
2024-01-08 11:19:00,15.47,15.49,15.46,15.46,5900.0,91305.0
2024-01-08 11:20:00,15.46,15.47,15.46,15.46,5500.0,85065.0
2024-01-08 11:21:00,15.46,15.47,15.45,15.47,4500.0,69571.0
2024-01-08 11:22:00,15.47,15.47,15.45,15.46,8400.0,129911.0
2024-01-08 11:23:00,15.46,15.46,15.43,15.43,10600.0,163712.0
2024-01-08 11:24:00,15.43,15.43,15.42,15.43,1900.0,29306.0
2024-01-08 11:25:00,15.43,15.43,15.41,15.41,7100.0,109490.0
2024-01-08 11:26:00,15.41,15.42,15.41,15.42,22600.0,348352.0
2024-01-08 11:27:00,15.42,15.43,15.42,15.42,800.0,12337.0
2024-01-08 11:28:00,15.42,15.43,15.41,15.41,5100.0,78645.0
2024-01-08 11:29:00,15.42,15.43,15.42,15.43,9600.0,149081.703125
2024-01-08 11:30:00,15.42,15.44,15.41,15.44,5100.0,78627.0
2024-01-08 13:01:00,15.44,15.46,15.42,15.43,27600.0,426147.0
2024-01-08 13:02:00,15.43,15.46,15.43,15.45,9400.0,145205.0
2024-01-08 13:03:00,15.46,15.46,15.44,15.44,6800.0,105022.0
2024-01-08 13:04:00,15.43,15.44,15.41,15.43,12600.0,194339.0
2024-01-08 13:05:00,15.44,15.46,15.44,15.45,4100.0,63310.0
2024-01-08 13:06:00,15.46,15.47,15.45,15.46,4900.0,75758.0
2024-01-08 13:07:00,15.47,15.47,15.44,15.45,6200.0,95845.0
2024-01-08 13:08:00,15.45,15.45,15.43,15.43,6800.0,104988.0
2024-01-08 13:09:00,15.44,15.44,15.42,15.43,15300.0,235950.0
2024-01-08 13:10:00,15.43,15.44,15.42,15.44,1300.0,20060.0
2024-01-08 13:11:00,15.42,15.44,15.42,15.44,8600.0,132759.0
2024-01-08 13:12:00,15.44,15.44,15.43,15.43,1300.0,20063.0
2024-01-08 13:13:00,15.43,15.43,15.43,15.43,5100.0,78693.0
2024-01-08 13:14:00,15.43,15.43,15.42,15.42,3600.0,55515.0
2024-01-08 13:15:00,15.42,15.42,15.41,15.41,30000.0,462344.0
2024-01-08 13:16:00,15.42,15.42,15.42,15.42,3500.0,53971.0
2024-01-08 13:17:00,15.42,15.42,15.41,15.41,6000.0,92462.0
2024-01-08 13:18:00,15.41,15.42,15.39,15.42,49700.0,765550.0
2024-01-08 13:19:00,15.42,15.43,15.41,15.43,2300.0,35465.0
2024-01-08 13:20:00,15.43,15.43,15.43,15.43,100.0,1543.0
2024-01-08 13:21:00,15.42,15.42,15.4,15.41,3100.0,47769.0
2024-01-08 13:22:00,15.41,15.42,15.41,15.41,5400.0,82227.765625
2024-01-08 13:23:00,15.41,15.41,15.39,15.4,2300.0,36411.2421875
2024-01-08 13:24:00,15.4,15.4,15.4,15.4,5800.0,89311.0
2024-01-08 13:25:00,15.4,15.41,15.4,15.4,1900.0,29261.0
2024-01-08 13:26:00,15.4,15.4,15.39,15.4,3600.0,55435.0
2024-01-08 13:27:00,15.41,15.41,15.41,15.41,600.0,9241.0
2024-01-08 13:28:00,15.4,15.4,15.4,15.4,4000.0,61600.0
2024-01-08 13:29:00,15.4,15.41,15.39,15.41,10500.0,161720.0
2024-01-08 13:30:00,15.41,15.42,15.41,15.42,2200.0,33903.0
2024-01-08 13:31:00,15.41,15.44,15.39,15.43,15300.0,235856.0
2024-01-08 13:32:00,15.43,15.45,15.42,15.45,7300.0,112695.0
2024-01-08 13:33:00,15.46,15.46,15.43,15.43,8200.0,126592.0
2024-01-08 13:34:00,15.43,15.43,15.4,15.4,21200.0,326578.0
2024-01-08 13:35:00,15.41,15.41,15.41,15.41,3100.0,47773.0
2024-01-08 13:36:00,15.41,15.41,15.41,15.41,3400.0,52394.0
2024-01-08 13:37:00,15.41,15.42,15.41,15.41,3500.0,53938.0
2024-01-08 13:38:00,15.41,15.42,15.41,15.42,5600.0,86318.0
2024-01-08 13:39:00,15.41,15.42,15.41,15.41,2200.0,33903.0
2024-01-08 13:40:00,15.41,15.41,15.41,15.41,8100.0,124821.0
2024-01-08 13:41:00,15.41,15.41,15.4,15.4,4100.0,63141.0
2024-01-08 13:42:00,15.41,15.42,15.4,15.41,18700.0,288025.0
2024-01-08 13:43:00,15.42,15.42,15.4,15.4,2700.0,41607.0
2024-01-08 13:44:00,15.4,15.4,15.39,15.39,6500.0,100091.0
2024-01-08 13:45:00,15.39,15.4,15.39,15.39,2500.0,38479.0
2024-01-08 13:46:00,15.39,15.42,15.39,15.41,16700.0,257251.0
2024-01-08 13:47:00,15.41,15.41,15.41,15.41,1300.0,20027.0
2024-01-08 13:48:00,15.41,15.42,15.39,15.42,16400.0,252578.0
2024-01-08 13:49:00,15.42,15.44,15.42,15.44,1300.0,20051.0
2024-01-08 13:50:00,15.43,15.43,15.42,15.42,1800.0,27762.0
2024-01-08 13:51:00,15.42,15.43,15.42,15.42,5000.0,77102.0
2024-01-08 13:52:00,15.43,15.43,15.42,15.42,2700.0,41644.0
2024-01-08 13:53:00,15.41,15.42,15.41,15.41,1700.0,26204.0
2024-01-08 13:54:00,15.41,15.41,15.4,15.4,7900.0,121733.0
2024-01-08 13:55:00,15.4,15.41,15.4,15.41,4600.0,70880.0
2024-01-08 13:56:00,15.42,15.42,15.42,15.42,7100.0,109482.0
2024-01-08 13:57:00,15.42,15.42,15.42,15.42,3200.0,49344.0
2024-01-08 13:58:00,15.41,15.43,15.4,15.42,7300.0,112520.0
2024-01-08 13:59:00,15.42,15.42,15.41,15.42,3500.0,53939.0
2024-01-08 14:00:00,15.42,15.42,15.39,15.4,17700.0,272495.0
2024-01-08 14:01:00,15.39,15.4,15.38,15.38,11900.0,183059.0
2024-01-08 14:02:00,15.38,15.39,15.37,15.38,54400.0,836598.0
2024-01-08 14:03:00,15.38,15.39,15.35,15.35,7100.0,109116.0
2024-01-08 14:04:00,15.36,15.38,15.36,15.37,22300.0,342954.46875
2024-01-08 14:05:00,15.39,15.4,15.39,15.39,9600.0,147771.0
2024-01-08 14:06:00,15.4,15.43,15.4,15.43,47800.0,736357.0
2024-01-08 14:07:00,15.42,15.44,15.42,15.44,9000.0,138961.0
2024-01-08 14:08:00,15.47,15.47,15.42,15.42,25300.0,391217.0
2024-01-08 14:09:00,15.42,15.48,15.42,15.46,16400.0,253286.0
2024-01-08 14:10:00,15.46,15.46,15.43,15.44,12100.0,186895.0
2024-01-08 14:11:00,15.44,15.44,15.38,15.39,20200.0,311128.0
2024-01-08 14:12:00,15.39,15.4,15.37,15.39,34500.0,530542.0
2024-01-08 14:13:00,15.39,15.4,15.37,15.37,11400.0,175334.0
2024-01-08 14:14:00,15.37,15.38,15.36,15.37,16100.0,247349.0
2024-01-08 14:15:00,15.37,15.41,15.37,15.41,42700.0,657115.0
2024-01-08 14:16:00,15.41,15.41,15.38,15.4,8700.0,134023.515625
2024-01-08 14:17:00,15.4,15.41,15.39,15.39,6400.0,98516.0
2024-01-08 14:18:00,15.39,15.39,15.38,15.38,2700.0,41546.0
2024-01-08 14:19:00,15.39,15.39,15.37,15.38,6600.0,101474.4765625
2024-01-08 14:20:00,15.38,15.38,15.36,15.36,10700.0,164428.0
2024-01-08 14:21:00,15.37,15.4,15.36,15.38,19900.0,306088.0
2024-01-08 14:22:00,15.38,15.39,15.37,15.37,3200.0,49201.0
2024-01-08 14:23:00,15.37,15.39,15.37,15.37,6600.0,101484.0
2024-01-08 14:24:00,15.38,15.39,15.37,15.38,3600.0,55358.0
2024-01-08 14:25:00,15.38,15.38,15.37,15.38,4700.0,72276.0
2024-01-08 14:26:00,15.38,15.42,15.38,15.4,27900.0,429636.0
2024-01-08 14:27:00,15.41,15.41,15.41,15.41,4800.0,73969.0
2024-01-08 14:28:00,15.42,15.42,15.38,15.4,11300.0,174087.0
2024-01-08 14:29:00,15.4,15.41,15.4,15.4,12400.0,190995.0
2024-01-08 14:30:00,15.4,15.41,15.39,15.41,10600.0,163207.0
2024-01-08 14:31:00,15.41,15.41,15.38,15.4,24200.0,371515.6875
2024-01-08 14:32:00,15.4,15.4,15.37,15.37,9000.0,139439.96875
2024-01-08 14:33:00,15.38,15.38,15.36,15.36,20300.0,311942.0
2024-01-08 14:34:00,15.36,15.36,15.33,15.34,43700.0,670799.0
2024-01-08 14:35:00,15.37,15.37,15.33,15.35,14200.0,216788.578125
2024-01-08 14:36:00,15.36,15.36,15.33,15.33,23300.0,357316.0
2024-01-08 14:37:00,15.36,15.36,15.34,15.34,6100.0,93662.0
2024-01-08 14:38:00,15.35,15.37,15.35,15.37,24200.0,371621.0
2024-01-08 14:39:00,15.37,15.37,15.33,15.36,18300.0,280862.0
2024-01-08 14:40:00,15.36,15.36,15.33,15.34,7900.0,121201.0
2024-01-08 14:41:00,15.34,15.36,15.32,15.33,20400.0,312783.0
2024-01-08 14:42:00,15.33,15.35,15.33,15.35,18700.0,286745.0
2024-01-08 14:43:00,15.35,15.36,15.34,15.36,11600.0,178110.0
2024-01-08 14:44:00,15.36,15.37,15.35,15.35,13200.0,202755.0
2024-01-08 14:45:00,15.37,15.37,15.33,15.34,11000.0,168822.0
2024-01-08 14:46:00,15.33,15.36,15.33,15.36,16300.0,250110.0
2024-01-08 14:47:00,15.36,15.36,15.34,15.34,4300.0,65982.0
2024-01-08 14:48:00,15.34,15.34,15.31,15.32,13000.0,199214.0
2024-01-08 14:49:00,15.32,15.33,15.32,15.32,12800.0,196141.0
2024-01-08 14:50:00,15.31,15.32,15.3,15.31,47000.0,720324.5
2024-01-08 14:51:00,15.31,15.32,15.31,15.32,17900.0,274093.0
2024-01-08 14:52:00,15.31,15.32,15.3,15.32,15300.0,234310.0
2024-01-08 14:53:00,15.32,15.32,15.3,15.3,19000.0,290838.0
2024-01-08 14:54:00,15.3,15.32,15.29,15.32,17700.0,270967.0
2024-01-08 14:55:00,15.32,15.32,15.3,15.3,12000.0,183637.0
2024-01-08 14:56:00,15.3,15.31,15.28,15.28,21400.0,327337.0
2024-01-08 14:57:00,15.27,15.28,15.26,15.27,15000.0,229038.0
2024-01-08 14:58:00,15.28,15.28,15.28,15.28,100.0,1528.0
2024-01-08 14:59:00,15.28,15.28,15.28,15.28,0.0,0.0
2024-01-08 15:00:00,15.28,15.28,15.28,15.28,21000.0,320941.125
2024-01-09 09:31:00,15.36,15.37,15.21,15.27,57600.0,881001.0
2024-01-09 09:32:00,15.23,15.26,15.19,15.25,16700.0,254248.0
2024-01-09 09:33:00,15.24,15.25,15.2,15.23,11900.0,181242.0
2024-01-09 09:34:00,15.21,15.3,15.21,15.28,16500.0,251724.0
2024-01-09 09:35:00,15.3,15.3,15.26,15.27,25200.0,385334.0
2024-01-09 09:36:00,15.26,15.27,15.22,15.23,11900.0,181474.0
2024-01-09 09:37:00,15.24,15.3,15.24,15.29,30100.0,460230.0
2024-01-09 09:38:00,15.3,15.31,15.29,15.3,8300.0,127013.0
2024-01-09 09:39:00,15.3,15.31,15.29,15.3,10600.0,162193.0
2024-01-09 09:40:00,15.3,15.33,15.29,15.31,18600.0,284746.0
2024-01-09 09:41:00,15.32,15.36,15.3,15.36,46600.0,714274.0
2024-01-09 09:42:00,15.37,15.37,15.33,15.34,9000.0,138185.0
2024-01-09 09:43:00,15.33,15.36,15.33,15.36,8000.0,122773.0
2024-01-09 09:44:00,15.35,15.36,15.33,15.36,8900.0,136549.21875
2024-01-09 09:45:00,15.34,15.35,15.33,15.35,3100.0,47214.73828125
2024-01-09 09:46:00,15.36,15.36,15.34,15.34,4700.0,72146.0
2024-01-09 09:47:00,15.34,15.34,15.3,15.32,15300.0,234342.0
2024-01-09 09:48:00,15.32,15.36,15.32,15.36,17700.0,271482.0
2024-01-09 09:49:00,15.37,15.38,15.35,15.38,13400.0,205815.0
2024-01-09 09:50:00,15.39,15.4,15.37,15.38,2900.0,44621.0
2024-01-09 09:51:00,15.32,15.36,15.32,15.33,16300.0,250058.0
2024-01-09 09:52:00,15.33,15.33,15.3,15.3,6200.0,94926.0
2024-01-09 09:53:00,15.3,15.31,15.28,15.31,31200.0,477342.0
2024-01-09 09:54:00,15.29,15.31,15.27,15.27,5700.0,87182.0
2024-01-09 09:55:00,15.31,15.31,15.28,15.29,5300.0,81075.0
2024-01-09 09:56:00,15.29,15.3,15.28,15.29,3000.0,45868.0
2024-01-09 09:57:00,15.29,15.29,15.27,15.29,15000.0,229210.0
2024-01-09 09:58:00,15.3,15.3,15.28,15.28,6500.0,99369.0
2024-01-09 09:59:00,15.28,15.3,15.28,15.28,5300.0,81035.0
2024-01-09 10:00:00,15.29,15.34,15.29,15.32,10400.0,159220.0
2024-01-09 10:01:00,15.33,15.37,15.32,15.35,11900.0,183526.203125
2024-01-09 10:02:00,15.34,15.36,15.31,15.31,24600.0,376207.8125
2024-01-09 10:03:00,15.33,15.36,15.32,15.33,22900.0,351300.0
2024-01-09 10:04:00,15.32,15.33,15.31,15.32,13700.0,209838.0
2024-01-09 10:05:00,15.32,15.34,15.31,15.34,12700.0,194659.0
2024-01-09 10:06:00,15.34,15.36,15.33,15.33,2500.0,38341.0
2024-01-09 10:07:00,15.33,15.34,15.3,15.34,32600.0,499377.0
2024-01-09 10:08:00,15.34,15.37,15.34,15.36,10600.0,162772.0
2024-01-09 10:09:00,15.35,15.36,15.35,15.36,2200.0,33771.0
2024-01-09 10:10:00,15.36,15.37,15.35,15.37,8800.0,135190.0
2024-01-09 10:11:00,15.34,15.34,15.33,15.33,8900.0,136627.0
2024-01-09 10:12:00,15.34,15.36,15.33,15.34,9400.0,144194.0
2024-01-09 10:13:00,15.36,15.36,15.35,15.35,13100.0,201007.0
2024-01-09 10:14:00,15.33,15.35,15.33,15.35,3700.0,56776.0
2024-01-09 10:15:00,15.36,15.36,15.33,15.34,6900.0,105905.0
2024-01-09 10:16:00,15.34,15.34,15.32,15.32,7700.0,118031.0
2024-01-09 10:17:00,15.32,15.32,15.31,15.31,5800.0,88830.0
2024-01-09 10:18:00,15.31,15.33,15.31,15.33,6100.0,93428.0
2024-01-09 10:19:00,15.34,15.36,15.33,15.34,6000.0,91707.3984375
2024-01-09 10:20:00,15.36,15.38,15.36,15.38,22400.0,344106.0
2024-01-09 10:21:00,15.38,15.4,15.37,15.4,18100.0,278412.0
2024-01-09 10:22:00,15.4,15.4,15.37,15.37,14000.0,215361.0
2024-01-09 10:23:00,15.37,15.37,15.36,15.37,4400.0,67620.0
2024-01-09 10:24:00,15.36,15.38,15.36,15.38,4400.0,67633.0
2024-01-09 10:25:00,15.37,15.4,15.37,15.4,12300.0,189193.0
2024-01-09 10:26:00,15.39,15.39,15.38,15.38,3200.0,49232.0
2024-01-09 10:27:00,15.37,15.38,15.37,15.38,7400.0,113748.0
2024-01-09 10:28:00,15.36,15.37,15.36,15.37,3400.0,52227.0
2024-01-09 10:29:00,15.35,15.35,15.33,15.34,12200.0,187103.0
2024-01-09 10:30:00,15.33,15.36,15.33,15.36,9400.0,144239.0
2024-01-09 10:31:00,15.36,15.42,15.36,15.42,14500.0,223076.0
2024-01-09 10:32:00,15.42,15.45,15.41,15.45,6000.0,92592.0
2024-01-09 10:33:00,15.44,15.44,15.43,15.43,2000.0,30878.0
2024-01-09 10:34:00,15.42,15.44,15.42,15.44,8500.0,131190.0
2024-01-09 10:35:00,15.44,15.46,15.44,15.46,5400.0,83446.0
2024-01-09 10:36:00,15.47,15.47,15.45,15.45,9500.0,146894.0
2024-01-09 10:37:00,15.44,15.46,15.44,15.46,9300.0,143932.03125
2024-01-09 10:38:00,15.46,15.48,15.46,15.47,7400.0,114444.0
2024-01-09 10:39:00,15.46,15.46,15.43,15.43,6600.0,101945.0
2024-01-09 10:40:00,15.44,15.44,15.43,15.44,6000.0,92638.0
2024-01-09 10:41:00,15.45,15.45,15.43,15.43,3500.0,54028.0
2024-01-09 10:42:00,15.43,15.44,15.42,15.42,2900.0,44748.0
2024-01-09 10:43:00,15.42,15.43,15.42,15.43,2400.0,37024.0
2024-01-09 10:44:00,15.41,15.43,15.41,15.43,8800.0,135733.0
2024-01-09 10:45:00,15.41,15.43,15.41,15.42,2400.0,37018.0
2024-01-09 10:46:00,15.42,15.42,15.42,15.42,1800.0,27756.0
2024-01-09 10:47:00,15.42,15.42,15.42,15.42,100.0,1542.0
2024-01-09 10:48:00,15.43,15.44,15.42,15.44,9700.0,149680.0
2024-01-09 10:49:00,15.44,15.44,15.43,15.44,5100.0,78734.0
2024-01-09 10:50:00,15.45,15.48,15.45,15.48,3700.0,57208.0
2024-01-09 10:51:00,15.46,15.47,15.46,15.46,2400.0,37105.0
2024-01-09 10:52:00,15.45,15.45,15.45,15.45,2100.0,32445.0
2024-01-09 10:53:00,15.44,15.44,15.43,15.43,3500.0,54021.0
2024-01-09 10:54:00,15.42,15.42,15.41,15.41,1000.0,15419.0
2024-01-09 10:55:00,15.42,15.42,15.42,15.42,600.0,9252.0
2024-01-09 10:56:00,15.41,15.42,15.38,15.39,15400.0,237188.0
2024-01-09 10:57:00,15.39,15.39,15.39,15.39,300.0,4617.0
2024-01-09 10:58:00,15.4,15.4,15.39,15.4,1700.0,26172.0
2024-01-09 10:59:00,15.4,15.4,15.39,15.4,2800.0,43116.0
2024-01-09 11:00:00,15.4,15.4,15.39,15.4,1800.0,27718.0
2024-01-09 11:01:00,15.39,15.4,15.38,15.38,11900.0,183135.0
2024-01-09 11:02:00,15.39,15.39,15.36,15.36,26700.0,410633.0
2024-01-09 11:03:00,15.35,15.35,15.34,15.34,6700.0,102781.0
2024-01-09 11:04:00,15.34,15.34,15.33,15.33,1700.0,26070.0
2024-01-09 11:05:00,15.33,15.33,15.32,15.32,3300.0,50585.0
2024-01-09 11:06:00,15.32,15.35,15.32,15.34,18100.0,277344.0
2024-01-09 11:07:00,15.34,15.34,15.33,15.34,2100.0,32208.0
2024-01-09 11:08:00,15.34,15.34,15.33,15.33,2400.0,36793.0
2024-01-09 11:09:00,15.33,15.33,15.32,15.33,1900.0,29121.0
2024-01-09 11:10:00,15.33,15.34,15.33,15.34,5000.0,76646.0
2024-01-09 11:11:00,15.33,15.34,15.33,15.34,2400.0,36793.0
2024-01-09 11:12:00,15.35,15.35,15.34,15.34,20700.0,317602.0
2024-01-09 11:13:00,15.34,15.35,15.32,15.32,16500.0,253057.0
2024-01-09 11:14:00,15.32,15.33,15.3,15.3,4500.0,68893.0
2024-01-09 11:15:00,15.3,15.32,15.3,15.32,3000.0,45939.0
2024-01-09 11:16:00,15.31,15.31,15.31,15.31,500.0,7655.0
2024-01-09 11:17:00,15.31,15.31,15.3,15.3,3500.0,53581.0
2024-01-09 11:18:00,15.3,15.32,15.3,15.32,1600.0,24500.0
2024-01-09 11:19:00,15.32,15.32,15.31,15.31,1100.0,16843.0
2024-01-09 11:20:00,15.31,15.33,15.31,15.33,10500.0,160918.0
2024-01-09 11:21:00,15.32,15.32,15.32,15.32,1600.0,24512.0
2024-01-09 11:22:00,15.32,15.34,15.32,15.33,23300.0,357101.0
2024-01-09 11:23:00,15.32,15.32,15.31,15.31,5100.0,78127.0
2024-01-09 11:24:00,15.31,15.31,15.3,15.3,3700.0,56634.0
2024-01-09 11:25:00,15.3,15.31,15.3,15.31,2400.0,36741.0
2024-01-09 11:26:00,15.3,15.31,15.3,15.31,300.0,4591.0
2024-01-09 11:27:00,15.3,15.3,15.28,15.28,3900.0,59658.0
2024-01-09 11:28:00,15.29,15.29,15.28,15.28,3800.0,58070.0
2024-01-09 11:29:00,15.27,15.27,15.27,15.27,2400.0,36657.0
2024-01-09 11:30:00,15.27,15.28,15.27,15.28,6500.0,99301.0
2024-01-09 13:01:00,15.28,15.28,15.26,15.26,10100.0,154961.0
2024-01-09 13:02:00,15.26,15.26,15.25,15.26,7400.0,112157.0
2024-01-09 13:03:00,15.26,15.27,15.26,15.27,6500.0,100006.0
2024-01-09 13:04:00,15.27,15.28,15.27,15.28,3900.0,59577.0
2024-01-09 13:05:00,15.28,15.28,15.27,15.27,1200.0,18331.0
2024-01-09 13:06:00,15.29,15.32,15.27,15.27,12800.0,195636.0
2024-01-09 13:07:00,15.28,15.28,15.26,15.26,5600.0,85512.0
2024-01-09 13:08:00,15.27,15.27,15.26,15.26,2100.0,32054.0
2024-01-09 13:09:00,15.26,15.26,15.26,15.26,2400.0,36624.0
2024-01-09 13:10:00,15.26,15.26,15.26,15.26,1400.0,21364.0
2024-01-09 13:11:00,15.26,15.26,15.25,15.26,1700.0,25935.0
2024-01-09 13:12:00,15.26,15.26,15.23,15.23,9900.0,150934.0
2024-01-09 13:13:00,15.23,15.23,15.22,15.22,10900.0,165937.0
2024-01-09 13:14:00,15.22,15.22,15.22,15.22,900.0,13698.0
2024-01-09 13:15:00,15.22,15.22,15.21,15.21,3400.0,51747.0
2024-01-09 13:16:00,15.21,15.22,15.21,15.22,800.0,12169.0
2024-01-09 13:17:00,15.22,15.23,15.22,15.22,8300.0,126332.0
2024-01-09 13:18:00,15.21,15.22,15.21,15.21,2700.0,41068.0
2024-01-09 13:19:00,15.21,15.21,15.2,15.2,7400.0,112551.0
2024-01-09 13:20:00,15.2,15.2,15.18,15.18,9200.0,139794.0
2024-01-09 13:21:00,15.18,15.19,15.18,15.18,1800.0,27334.0
2024-01-09 13:22:00,15.19,15.19,15.18,15.18,2700.0,40991.0
2024-01-09 13:23:00,15.18,15.18,15.17,15.18,3000.0,45530.0
2024-01-09 13:24:00,15.18,15.18,15.18,15.18,800.0,12144.0
2024-01-09 13:25:00,15.18,15.18,15.18,15.18,1200.0,18216.0
2024-01-09 13:26:00,15.18,15.19,15.18,15.19,1400.0,21265.0
2024-01-09 13:27:00,15.18,15.21,15.18,15.21,20400.0,309797.0
2024-01-09 13:28:00,15.19,15.19,15.18,15.18,8000.0,121456.0
2024-01-09 13:29:00,15.17,15.18,15.17,15.17,4300.0,64749.55859375
2024-01-09 13:30:00,15.17,15.18,15.17,15.17,15100.0,229553.109375
2024-01-09 13:31:00,15.17,15.18,15.16,15.17,15300.0,232101.015625
2024-01-09 13:32:00,15.19,15.2,15.18,15.18,13500.0,204989.0
2024-01-09 13:33:00,15.19,15.2,15.19,15.2,6400.0,97263.0
2024-01-09 13:34:00,15.2,15.2,15.2,15.2,1400.0,21280.0
2024-01-09 13:35:00,15.19,15.2,15.19,15.2,3400.0,51648.0
2024-01-09 13:36:00,15.2,15.21,15.2,15.21,11500.0,174845.0
2024-01-09 13:37:00,15.22,15.22,15.18,15.19,8800.0,133662.0
2024-01-09 13:38:00,15.18,15.18,15.18,15.18,2800.0,42505.0
2024-01-09 13:39:00,15.18,15.19,15.17,15.19,3600.0,54646.0
2024-01-09 13:40:00,15.18,15.18,15.18,15.18,1600.0,24288.0
2024-01-09 13:41:00,15.18,15.18,15.16,15.17,8700.0,132007.0
2024-01-09 13:42:00,15.18,15.21,15.18,15.19,25600.0,389017.6875
2024-01-09 13:43:00,15.18,15.2,15.18,15.18,5700.0,86579.0
2024-01-09 13:44:00,15.18,15.18,15.17,15.17,1900.0,28824.0
2024-01-09 13:45:00,15.17,15.17,15.16,15.16,3700.0,56117.0
2024-01-09 13:46:00,15.17,15.17,15.16,15.16,16500.0,250171.3125
2024-01-09 13:47:00,15.17,15.18,15.15,15.18,6200.0,94002.6796875
2024-01-09 13:48:00,15.18,15.18,15.16,15.17,1400.0,21243.0
2024-01-09 13:49:00,15.16,15.17,15.16,15.17,4400.0,66737.0
2024-01-09 13:50:00,15.18,15.18,15.16,15.17,8200.0,124324.0
2024-01-09 13:51:00,15.16,15.16,15.15,15.15,7400.0,112137.0
2024-01-09 13:52:00,15.15,15.15,15.15,15.15,1100.0,16665.0
2024-01-09 13:53:00,15.14,15.15,15.14,15.15,6300.0,95415.0
2024-01-09 13:54:00,15.15,15.16,15.15,15.16,3100.0,46966.0
2024-01-09 13:55:00,15.16,15.16,15.15,15.15,5900.0,89390.0
2024-01-09 13:56:00,15.16,15.16,15.16,15.16,5400.0,81864.0
2024-01-09 13:57:00,15.17,15.17,15.16,15.16,2900.0,43965.0
2024-01-09 13:58:00,15.14,15.14,15.12,15.12,9900.0,149856.0
2024-01-09 13:59:00,15.13,15.14,15.12,15.14,14100.0,213218.0
2024-01-09 14:00:00,15.14,15.14,15.14,15.14,200.0,3028.0
2024-01-09 14:01:00,15.12,15.14,15.12,15.14,2200.0,33276.0
2024-01-09 14:02:00,15.14,15.14,15.14,15.14,400.0,6056.0
2024-01-09 14:03:00,15.14,15.14,15.14,15.14,500.0,7570.0
2024-01-09 14:04:00,15.14,15.14,15.14,15.14,1000.0,15140.0
2024-01-09 14:05:00,15.14,15.14,15.1,15.1,25400.0,383961.0
2024-01-09 14:06:00,15.08,15.11,15.08,15.1,6100.0,92077.0
2024-01-09 14:07:00,15.1,15.11,15.1,15.11,200.0,3021.0
2024-01-09 14:08:00,15.11,15.12,15.1,15.12,9300.0,140519.0
2024-01-09 14:09:00,15.12,15.14,15.12,15.12,3200.0,48404.0
2024-01-09 14:10:00,15.14,15.17,15.14,15.17,5800.0,87799.15625
2024-01-09 14:11:00,15.18,15.19,15.18,15.18,9600.0,145778.0
2024-01-09 14:12:00,15.18,15.18,15.16,15.18,7200.0,109244.0
2024-01-09 14:13:00,15.17,15.17,15.14,15.15,14900.0,225752.0
2024-01-09 14:14:00,15.15,15.15,15.14,15.15,3100.0,46937.0
2024-01-09 14:15:00,15.14,15.15,15.13,15.13,1500.0,22705.0
2024-01-09 14:16:00,15.13,15.16,15.13,15.16,8000.0,121144.0
2024-01-09 14:17:00,15.16,15.16,15.15,15.15,3500.0,53037.0
2024-01-09 14:18:00,15.16,15.16,15.16,15.16,3200.0,48512.0
2024-01-09 14:19:00,15.16,15.17,15.16,15.16,6300.0,95546.0
2024-01-09 14:20:00,15.17,15.17,15.16,15.17,1900.0,28818.0
2024-01-09 14:21:00,15.17,15.2,15.17,15.19,5300.0,80491.0
2024-01-09 14:22:00,15.19,15.2,15.19,15.19,2700.0,40193.73828125
2024-01-09 14:23:00,15.2,15.21,15.2,15.21,4600.0,69930.0
2024-01-09 14:24:00,15.21,15.21,15.21,15.21,500.0,7605.0
2024-01-09 14:25:00,15.21,15.21,15.2,15.2,12200.0,185486.0
2024-01-09 14:26:00,15.2,15.21,15.19,15.19,1400.0,21272.0
2024-01-09 14:27:00,15.19,15.19,15.19,15.19,2200.0,33418.0
2024-01-09 14:28:00,15.2,15.21,15.18,15.21,15900.0,242382.265625
2024-01-09 14:29:00,15.19,15.21,15.19,15.21,5100.0,77568.0
2024-01-09 14:30:00,15.2,15.22,15.2,15.22,8300.0,126252.0
2024-01-09 14:31:00,15.23,15.24,15.23,15.24,5300.0,80730.0
2024-01-09 14:32:00,15.24,15.24,15.23,15.24,5100.0,77712.0
2024-01-09 14:33:00,15.24,15.25,15.23,15.25,2100.0,32003.0
2024-01-09 14:34:00,15.25,15.26,15.25,15.25,4800.0,73227.0
2024-01-09 14:35:00,15.26,15.26,15.26,15.26,16000.0,244159.0
2024-01-09 14:36:00,15.26,15.26,15.24,15.24,11500.0,175406.0
2024-01-09 14:37:00,15.24,15.26,15.24,15.25,3500.0,53369.0
2024-01-09 14:38:00,15.26,15.26,15.25,15.26,2400.0,36616.0
2024-01-09 14:39:00,15.25,15.26,15.24,15.25,8400.0,128119.0
2024-01-09 14:40:00,15.25,15.26,15.24,15.26,5500.0,83882.0
2024-01-09 14:41:00,15.25,15.25,15.25,15.25,1100.0,16775.0
2024-01-09 14:42:00,15.25,15.25,15.23,15.24,6800.0,103662.0
2024-01-09 14:43:00,15.25,15.26,15.24,15.25,6200.0,94550.0
2024-01-09 14:44:00,15.25,15.26,15.25,15.25,8200.0,125054.0
2024-01-09 14:45:00,15.26,15.26,15.24,15.25,6500.0,99134.0
2024-01-09 14:46:00,15.24,15.24,15.22,15.24,14200.0,215149.40625
2024-01-09 14:47:00,15.24,15.25,15.23,15.25,6800.0,103636.0
2024-01-09 14:48:00,15.25,15.25,15.24,15.25,5000.0,76209.0
2024-01-09 14:49:00,15.25,15.25,15.23,15.23,11100.0,169154.453125
2024-01-09 14:50:00,15.24,15.24,15.22,15.24,18200.0,277112.0
2024-01-09 14:51:00,15.22,15.24,15.2,15.23,16000.0,243552.59375
2024-01-09 14:52:00,15.22,15.24,15.21,15.23,15000.0,228551.0
2024-01-09 14:53:00,15.22,15.24,15.22,15.22,12200.0,186152.90625
2024-01-09 14:54:00,15.21,15.23,15.21,15.22,13500.0,206092.359375
2024-01-09 14:55:00,15.22,15.23,15.22,15.22,800.0,11598.6396484375
2024-01-09 14:56:00,15.22,15.22,15.2,15.21,8500.0,129909.359375
2024-01-09 14:57:00,15.22,15.23,15.21,15.23,3600.0,54771.0
2024-01-09 14:58:00,15.23,15.23,15.23,15.23,0.0,0.0
2024-01-09 14:59:00,15.23,15.23,15.23,15.23,0.0,0.0
2024-01-09 15:00:00,15.25,15.25,15.25,15.25,10400.0,158600.0
2024-01-10 09:31:00,15.18,15.23,15.07,15.15,41100.0,622177.0
2024-01-10 09:32:00,15.15,15.15,15.1,15.1,16100.0,243350.0
2024-01-10 09:33:00,15.13,15.13,15.08,15.08,12500.0,188706.0
2024-01-10 09:34:00,15.09,15.12,15.08,15.09,10100.0,152561.0
2024-01-10 09:35:00,15.08,15.08,15.04,15.04,19800.0,298210.0
2024-01-10 09:36:00,15.04,15.05,15.03,15.04,10800.0,162419.0
2024-01-10 09:37:00,15.04,15.06,15.03,15.06,8900.0,133884.0
2024-01-10 09:38:00,15.05,15.07,15.04,15.04,18900.0,284494.0
2024-01-10 09:39:00,15.03,15.07,15.02,15.05,48600.0,730980.0
2024-01-10 09:40:00,15.05,15.05,14.98,15.0,50200.0,753330.0
2024-01-10 09:41:00,15.0,15.04,14.99,15.03,20000.0,300118.0
2024-01-10 09:42:00,15.03,15.04,15.02,15.02,17800.0,267430.0
2024-01-10 09:43:00,15.03,15.05,14.98,15.0,26400.0,396294.0
2024-01-10 09:44:00,15.01,15.04,15.01,15.01,8700.0,130684.0
2024-01-10 09:45:00,15.02,15.02,14.99,15.0,10300.0,154540.0
2024-01-10 09:46:00,15.0,15.01,14.96,14.97,21000.0,314514.0
2024-01-10 09:47:00,14.96,15.02,14.96,15.01,17400.0,260722.0
2024-01-10 09:48:00,15.01,15.02,14.99,15.01,9300.0,139434.0
2024-01-10 09:49:00,15.01,15.05,15.01,15.02,9500.0,142826.0
2024-01-10 09:50:00,15.05,15.05,15.04,15.05,700.0,10532.0
2024-01-10 09:51:00,15.05,15.08,15.05,15.06,12000.0,180725.0
2024-01-10 09:52:00,15.06,15.08,15.03,15.04,15100.0,227151.0
2024-01-10 09:53:00,15.06,15.1,15.06,15.1,5200.0,78412.0
2024-01-10 09:54:00,15.1,15.1,15.09,15.09,900.0,13584.0
2024-01-10 09:55:00,15.12,15.12,15.09,15.09,12700.0,191957.0
2024-01-10 09:56:00,15.11,15.11,15.09,15.09,3200.0,48320.0
2024-01-10 09:57:00,15.1,15.18,15.1,15.18,17100.0,259427.796875
2024-01-10 09:58:00,15.18,15.19,15.17,15.19,7700.0,116886.0
2024-01-10 09:59:00,15.2,15.25,15.2,15.23,6800.0,103452.0
2024-01-10 10:00:00,15.21,15.23,15.2,15.23,27700.0,421782.0
2024-01-10 10:01:00,15.21,15.26,15.21,15.25,15300.0,233307.0
2024-01-10 10:02:00,15.25,15.34,15.25,15.33,22000.0,336419.0
2024-01-10 10:03:00,15.35,15.36,15.25,15.25,34400.0,526781.0
2024-01-10 10:04:00,15.28,15.29,15.26,15.28,16500.0,252196.0
2024-01-10 10:05:00,15.29,15.29,15.23,15.23,18700.0,285421.0
2024-01-10 10:06:00,15.22,15.25,15.21,15.23,12600.0,191968.0
2024-01-10 10:07:00,15.23,15.24,15.23,15.24,2000.0,30468.0
2024-01-10 10:08:00,15.25,15.25,15.24,15.24,8700.0,132665.0
2024-01-10 10:09:00,15.24,15.25,15.21,15.21,7700.0,117295.0
2024-01-10 10:10:00,15.2,15.21,15.2,15.21,1100.0,16730.0
2024-01-10 10:11:00,15.22,15.22,15.21,15.21,400.0,6085.0
2024-01-10 10:12:00,15.2,15.2,15.15,15.18,14100.0,214165.0
2024-01-10 10:13:00,15.18,15.18,15.16,15.17,9000.0,136507.0
2024-01-10 10:14:00,15.18,15.2,15.17,15.18,2000.0,30357.0
2024-01-10 10:15:00,15.18,15.23,15.18,15.21,3700.0,56197.0
2024-01-10 10:16:00,15.23,15.26,15.21,15.26,28000.0,426601.0
2024-01-10 10:17:00,15.26,15.3,15.24,15.28,38800.0,592783.0
2024-01-10 10:18:00,15.29,15.3,15.28,15.3,26600.0,406827.0
2024-01-10 10:19:00,15.31,15.32,15.31,15.32,11400.0,174688.0
2024-01-10 10:20:00,15.31,15.31,15.27,15.27,7000.0,107111.0
2024-01-10 10:21:00,15.27,15.3,15.27,15.28,13200.0,201802.0
2024-01-10 10:22:00,15.28,15.28,15.23,15.24,19500.0,297632.0
2024-01-10 10:23:00,15.25,15.28,15.25,15.27,18500.0,282477.0
2024-01-10 10:24:00,15.28,15.28,15.25,15.25,2400.0,36631.0
2024-01-10 10:25:00,15.24,15.25,15.23,15.24,2300.0,35054.0
2024-01-10 10:26:00,15.21,15.24,15.2,15.23,32600.0,496384.0
2024-01-10 10:27:00,15.23,15.23,15.23,15.23,1700.0,25891.0
2024-01-10 10:28:00,15.22,15.24,15.22,15.24,5700.0,86796.0
2024-01-10 10:29:00,15.24,15.24,15.22,15.23,1700.0,25899.0
2024-01-10 10:30:00,15.22,15.22,15.2,15.2,2400.0,36498.0
2024-01-10 10:31:00,15.2,15.23,15.2,15.22,6700.0,101990.0
2024-01-10 10:32:00,15.24,15.24,15.23,15.23,3700.0,56352.0
2024-01-10 10:33:00,15.24,15.26,15.24,15.26,8600.0,131160.0
2024-01-10 10:34:00,15.26,15.31,15.26,15.31,9800.0,149720.0
2024-01-10 10:35:00,15.3,15.31,15.29,15.31,9500.0,145386.0
2024-01-10 10:36:00,15.29,15.29,15.26,15.26,11300.0,172758.0
2024-01-10 10:37:00,15.26,15.27,15.25,15.27,1800.0,26368.0
2024-01-10 10:38:00,15.27,15.28,15.27,15.27,900.0,13744.0
2024-01-10 10:39:00,15.28,15.28,15.27,15.28,4400.0,67219.0
2024-01-10 10:40:00,15.3,15.3,15.3,15.3,1700.0,26010.0
2024-01-10 10:41:00,15.29,15.3,15.27,15.3,1200.0,18350.0
2024-01-10 10:42:00,15.3,15.3,15.27,15.27,8000.0,122240.0
2024-01-10 10:43:00,15.27,15.28,15.26,15.27,2900.0,44277.0
2024-01-10 10:44:00,15.26,15.26,15.26,15.26,2300.0,35100.0
2024-01-10 10:45:00,15.26,15.27,15.26,15.27,700.0,10686.0
2024-01-10 10:46:00,15.27,15.28,15.27,15.28,2400.0,36652.0
2024-01-10 10:47:00,15.29,15.3,15.29,15.3,1400.0,21413.0
2024-01-10 10:48:00,15.3,15.3,15.27,15.27,7300.0,111523.0
2024-01-10 10:49:00,15.26,15.26,15.25,15.26,5800.0,88506.0
2024-01-10 10:50:00,15.25,15.25,15.23,15.23,6400.0,98671.0
2024-01-10 10:51:00,15.24,15.24,15.23,15.24,600.0,9141.0
2024-01-10 10:52:00,15.25,15.25,15.22,15.25,1700.0,25894.0
2024-01-10 10:53:00,15.23,15.25,15.22,15.24,2800.0,42672.0
2024-01-10 10:54:00,15.22,15.22,15.22,15.22,2000.0,30442.0
2024-01-10 10:55:00,15.22,15.22,15.19,15.19,5200.0,79073.0
2024-01-10 10:56:00,15.19,15.22,15.19,15.19,3100.0,47095.0
2024-01-10 10:57:00,15.22,15.23,15.22,15.23,8000.0,121838.0
2024-01-10 10:58:00,15.25,15.25,15.23,15.24,1400.0,21331.0
2024-01-10 10:59:00,15.22,15.22,15.21,15.21,8800.0,133872.0
2024-01-10 11:00:00,15.22,15.24,15.22,15.24,1000.0,15223.0
2024-01-10 11:01:00,15.24,15.24,15.2,15.22,5100.0,77686.0
2024-01-10 11:02:00,15.22,15.22,15.19,15.2,6100.0,92746.0
2024-01-10 11:03:00,15.2,15.21,15.19,15.19,1900.0,28877.0
2024-01-10 11:04:00,15.19,15.19,15.18,15.18,1900.0,28856.0
2024-01-10 11:05:00,15.18,15.19,15.16,15.19,11300.0,171555.0
2024-01-10 11:06:00,15.19,15.19,15.17,15.17,10300.0,156279.0
2024-01-10 11:07:00,15.18,15.18,15.17,15.17,2300.0,34894.0
2024-01-10 11:08:00,15.16,15.18,15.16,15.18,2000.0,30342.0
2024-01-10 11:09:00,15.18,15.18,15.18,15.18,200.0,3036.0
2024-01-10 11:10:00,15.18,15.19,15.18,15.19,3300.0,50104.0
2024-01-10 11:11:00,15.18,15.19,15.16,15.16,4800.0,72826.0
2024-01-10 11:12:00,15.15,15.16,15.15,15.15,1100.0,16672.0
2024-01-10 11:13:00,15.16,15.17,15.16,15.16,1100.0,16677.0
2024-01-10 11:14:00,15.16,15.17,15.16,15.16,1300.0,19712.0
2024-01-10 11:15:00,15.16,15.17,15.16,15.16,300.0,4549.0
2024-01-10 11:16:00,15.17,15.17,15.16,15.17,2900.0,43968.0
2024-01-10 11:17:00,15.17,15.17,15.17,15.17,400.0,6067.0
2024-01-10 11:18:00,15.16,15.17,15.16,15.17,400.0,6065.0
2024-01-10 11:19:00,15.17,15.17,15.15,15.16,1400.0,21218.0
2024-01-10 11:20:00,15.15,15.16,15.15,15.16,1300.0,19700.0
2024-01-10 11:21:00,15.14,15.16,15.14,15.15,1300.0,19692.0
2024-01-10 11:22:00,15.15,15.19,15.15,15.18,10200.0,154742.0
2024-01-10 11:23:00,15.18,15.18,15.16,15.16,1100.0,16684.0
2024-01-10 11:24:00,15.16,15.16,15.14,15.15,7200.0,109131.0
2024-01-10 11:25:00,15.14,15.14,15.13,15.13,600.0,9080.0
2024-01-10 11:26:00,15.1,15.14,15.1,15.14,7400.0,111790.0
2024-01-10 11:27:00,15.14,15.14,15.13,15.13,2500.0,37826.0
2024-01-10 11:28:00,15.14,15.14,15.14,15.14,100.0,1514.0
2024-01-10 11:29:00,15.13,15.14,15.13,15.14,7100.0,107476.0
2024-01-10 11:30:00,15.16,15.16,15.14,15.15,7400.0,112168.0
2024-01-10 13:01:00,15.15,15.15,15.13,15.14,4600.0,69658.0
2024-01-10 13:02:00,15.14,15.14,15.12,15.12,6500.0,98378.0
2024-01-10 13:03:00,15.12,15.12,15.1,15.11,2800.0,42316.0
2024-01-10 13:04:00,15.11,15.11,15.1,15.1,400.0,6043.0
2024-01-10 13:05:00,15.11,15.11,15.11,15.11,600.0,9066.0
2024-01-10 13:06:00,15.11,15.11,15.11,15.11,1400.0,21154.0
2024-01-10 13:07:00,15.11,15.11,15.1,15.1,1900.0,27970.19921875
2024-01-10 13:08:00,15.08,15.1,15.08,15.1,3800.0,57358.0
2024-01-10 13:09:00,15.1,15.12,15.1,15.11,7400.0,111842.0
2024-01-10 13:10:00,15.11,15.12,15.09,15.12,24200.0,365435.0
2024-01-10 13:11:00,15.13,15.13,15.13,15.13,4200.0,63546.0
2024-01-10 13:12:00,15.13,15.15,15.13,15.14,1900.0,28753.0
2024-01-10 13:13:00,15.14,15.14,15.11,15.11,5400.0,81670.0
2024-01-10 13:14:00,15.12,15.13,15.11,15.11,14200.0,214661.0
2024-01-10 13:15:00,15.12,15.12,15.12,15.12,200.0,3024.0
2024-01-10 13:16:00,15.12,15.12,15.1,15.1,4200.0,63439.0
2024-01-10 13:17:00,15.1,15.1,15.08,15.09,8500.0,128272.0
2024-01-10 13:18:00,15.09,15.1,15.09,15.09,8900.0,134310.0
2024-01-10 13:19:00,15.08,15.09,15.07,15.09,7000.0,105523.0
2024-01-10 13:20:00,15.1,15.11,15.09,15.1,14000.0,211396.0
2024-01-10 13:21:00,15.09,15.1,15.09,15.09,1100.0,16600.0
2024-01-10 13:22:00,15.1,15.1,15.09,15.1,5200.0,78495.0
2024-01-10 13:23:00,15.1,15.11,15.1,15.1,5200.0,79130.0
2024-01-10 13:24:00,15.1,15.1,15.09,15.09,3400.0,51328.0
2024-01-10 13:25:00,15.09,15.1,15.08,15.08,1700.0,25653.0
2024-01-10 13:26:00,15.08,15.1,15.08,15.09,1900.0,28364.19921875
2024-01-10 13:27:00,15.1,15.1,15.09,15.09,9300.0,140696.796875
2024-01-10 13:28:00,15.08,15.08,15.07,15.07,5700.0,85955.0
2024-01-10 13:29:00,15.1,15.11,15.1,15.1,5300.0,79706.203125
2024-01-10 13:30:00,15.1,15.1,15.08,15.09,800.0,12073.0
2024-01-10 13:31:00,15.09,15.09,15.07,15.08,12000.0,180940.0
2024-01-10 13:32:00,15.08,15.09,15.08,15.09,3700.0,55812.0
2024-01-10 13:33:00,15.08,15.08,15.08,15.08,700.0,10556.0
2024-01-10 13:34:00,15.07,15.07,15.06,15.06,1600.0,24111.0
2024-01-10 13:35:00,15.07,15.07,15.07,15.07,400.0,6028.0
2024-01-10 13:36:00,15.06,15.06,15.05,15.06,2200.0,33130.0
2024-01-10 13:37:00,15.07,15.07,15.06,15.07,12000.0,180795.0
2024-01-10 13:38:00,15.07,15.07,15.07,15.07,900.0,13563.0
2024-01-10 13:39:00,15.07,15.07,15.06,15.06,3200.0,48212.0
2024-01-10 13:40:00,15.07,15.07,15.05,15.05,1200.0,18077.0
2024-01-10 13:41:00,15.06,15.06,15.06,15.06,400.0,6024.0
2024-01-10 13:42:00,15.06,15.06,15.06,15.06,500.0,7530.0
2024-01-10 13:43:00,15.06,15.08,15.05,15.05,34900.0,524896.125
2024-01-10 13:44:00,15.07,15.08,15.06,15.07,1400.0,21098.0
2024-01-10 13:45:00,15.07,15.07,15.05,15.05,3400.0,51217.0
2024-01-10 13:46:00,15.07,15.07,15.07,15.07,500.0,7535.0
2024-01-10 13:47:00,15.06,15.09,15.06,15.09,11200.0,168943.0
2024-01-10 13:48:00,15.08,15.08,15.08,15.08,3400.0,51269.0
2024-01-10 13:49:00,15.08,15.08,15.08,15.08,0.0,0.0
2024-01-10 13:50:00,15.08,15.08,15.08,15.08,1600.0,24128.0
2024-01-10 13:51:00,15.08,15.08,15.07,15.07,4000.0,60308.0
2024-01-10 13:52:00,15.07,15.07,15.06,15.06,7700.0,116033.0
2024-01-10 13:53:00,15.06,15.06,15.05,15.06,16500.0,248487.0
2024-01-10 13:54:00,15.06,15.06,15.05,15.05,1500.0,22578.0
2024-01-10 13:55:00,15.05,15.09,15.05,15.09,5500.0,82872.0
2024-01-10 13:56:00,15.08,15.13,15.08,15.12,10500.0,158583.0
2024-01-10 13:57:00,15.12,15.15,15.12,15.14,4900.0,74156.0
2024-01-10 13:58:00,15.13,15.13,15.13,15.13,1000.0,15135.0
2024-01-10 13:59:00,15.14,15.14,15.14,15.14,5900.0,89344.0
2024-01-10 14:00:00,15.15,15.16,15.15,15.16,3300.0,49996.0
2024-01-10 14:01:00,15.15,15.15,15.14,15.14,2500.0,37860.0
2024-01-10 14:02:00,15.14,15.14,15.12,15.14,3900.0,59028.0
2024-01-10 14:03:00,15.13,15.13,15.07,15.07,16000.0,241615.0
2024-01-10 14:04:00,15.07,15.08,15.07,15.08,3100.0,46722.0
2024-01-10 14:05:00,15.08,15.08,15.08,15.08,2900.0,43732.0
2024-01-10 14:06:00,15.08,15.11,15.08,15.11,6600.0,99637.0
2024-01-10 14:07:00,15.1,15.1,15.09,15.09,1500.0,22641.0
2024-01-10 14:08:00,15.09,15.09,15.08,15.08,3600.0,54294.0
2024-01-10 14:09:00,15.09,15.09,15.09,15.09,1900.0,28671.0
2024-01-10 14:10:00,15.11,15.14,15.09,15.13,13000.0,196544.0
2024-01-10 14:11:00,15.12,15.12,15.11,15.11,4300.0,65005.0
2024-01-10 14:12:00,15.11,15.13,15.11,15.13,2800.0,42340.0
2024-01-10 14:13:00,15.12,15.14,15.11,15.12,7400.0,111901.0
2024-01-10 14:14:00,15.11,15.11,15.08,15.08,9000.0,135887.0
2024-01-10 14:15:00,15.09,15.1,15.09,15.1,1600.0,24145.0
2024-01-10 14:16:00,15.11,15.11,15.08,15.08,7000.0,105651.0
2024-01-10 14:17:00,15.07,15.11,15.07,15.11,25300.0,381827.0
2024-01-10 14:18:00,15.12,15.12,15.09,15.09,10600.0,160117.0
2024-01-10 14:19:00,15.08,15.09,15.08,15.08,900.0,13573.0
2024-01-10 14:20:00,15.08,15.08,15.08,15.08,1600.0,24128.0
2024-01-10 14:21:00,15.08,15.08,15.07,15.07,2500.0,37679.0
2024-01-10 14:22:00,15.07,15.08,15.06,15.06,7100.0,107008.0
2024-01-10 14:23:00,15.06,15.07,15.06,15.07,2100.0,31628.0
2024-01-10 14:24:00,15.06,15.06,15.06,15.06,2400.0,36144.0
2024-01-10 14:25:00,15.06,15.08,15.06,15.07,9700.0,146170.0
2024-01-10 14:26:00,15.06,15.06,15.05,15.06,5200.0,79341.203125
2024-01-10 14:27:00,15.05,15.06,15.05,15.06,1800.0,27103.0
2024-01-10 14:28:00,15.05,15.05,15.04,15.04,7500.0,112814.0
2024-01-10 14:29:00,15.05,15.05,15.04,15.04,5200.0,78233.0
2024-01-10 14:30:00,15.04,15.05,15.04,15.05,1100.0,16545.0
2024-01-10 14:31:00,15.04,15.06,15.03,15.03,12700.0,191078.0
2024-01-10 14:32:00,15.04,15.06,15.04,15.05,10200.0,153479.0
2024-01-10 14:33:00,15.05,15.05,15.04,15.04,4600.0,69218.0
2024-01-10 14:34:00,15.04,15.04,15.03,15.03,4200.0,63139.0
2024-01-10 14:35:00,15.03,15.03,15.02,15.03,7800.0,117213.0
2024-01-10 14:36:00,15.03,15.03,15.02,15.02,2400.0,36051.0
2024-01-10 14:37:00,15.03,15.04,15.02,15.04,19800.0,297431.0
2024-01-10 14:38:00,15.04,15.06,15.03,15.03,27300.0,410866.0
2024-01-10 14:39:00,15.03,15.04,15.02,15.03,9900.0,147861.765625
2024-01-10 14:40:00,15.03,15.03,15.02,15.02,9000.0,135226.0
2024-01-10 14:41:00,15.03,15.04,15.02,15.04,13200.0,198458.0
2024-01-10 14:42:00,15.04,15.06,15.04,15.05,15700.0,236688.203125
2024-01-10 14:43:00,15.05,15.05,15.04,15.05,8200.0,123372.0
2024-01-10 14:44:00,15.04,15.09,15.04,15.06,25900.0,389947.0
2024-01-10 14:45:00,15.05,15.08,15.04,15.05,12600.0,189657.0
2024-01-10 14:46:00,15.05,15.08,15.05,15.08,11100.0,167262.0
2024-01-10 14:47:00,15.08,15.08,15.06,15.07,12600.0,189117.875
2024-01-10 14:48:00,15.06,15.07,15.06,15.07,6800.0,102417.0
2024-01-10 14:49:00,15.06,15.06,15.04,15.04,6400.0,97123.1171875
2024-01-10 14:50:00,15.05,15.05,15.02,15.04,11900.0,178945.0
2024-01-10 14:51:00,15.05,15.05,15.04,15.05,3200.0,48151.0
2024-01-10 14:52:00,15.05,15.05,15.05,15.05,100.0,1505.0
2024-01-10 14:53:00,15.04,15.05,15.04,15.04,8200.0,123338.0
2024-01-10 14:54:00,15.04,15.05,15.03,15.03,27500.0,413744.6875
2024-01-10 14:55:00,15.05,15.05,15.03,15.03,9600.0,144432.0
2024-01-10 14:56:00,15.04,15.05,15.03,15.04,8300.0,124780.0
2024-01-10 14:57:00,15.04,15.05,15.03,15.05,14100.0,212156.0
2024-01-10 14:58:00,15.05,15.05,15.05,15.05,0.0,0.0
2024-01-10 14:59:00,15.05,15.05,15.05,15.05,0.0,0.0
2024-01-10 15:00:00,15.03,15.03,15.03,15.03,15100.0,226953.0
2024-01-11 09:31:00,15.11,15.19,15.03,15.15,50600.0,765209.4375
2024-01-11 09:32:00,15.15,15.15,15.1,15.11,21300.0,321191.46875
2024-01-11 09:33:00,15.08,15.1,15.05,15.07,9300.0,140359.0
2024-01-11 09:34:00,15.09,15.12,15.08,15.11,16100.0,242973.0
2024-01-11 09:35:00,15.12,15.13,15.1,15.1,15800.0,238830.0
2024-01-11 09:36:00,15.08,15.11,15.08,15.1,14700.0,221946.0
2024-01-11 09:37:00,15.09,15.09,15.05,15.06,11600.0,175866.5
2024-01-11 09:38:00,15.06,15.06,15.03,15.05,9200.0,137360.5
2024-01-11 09:39:00,15.05,15.07,15.05,15.07,5600.0,85382.5
2024-01-11 09:40:00,15.07,15.07,15.05,15.07,5400.0,81339.0
2024-01-11 09:41:00,15.06,15.09,15.04,15.07,15700.0,236603.0
2024-01-11 09:42:00,15.06,15.07,15.04,15.05,14800.0,222942.296875
2024-01-11 09:43:00,15.04,15.08,15.04,15.07,21100.0,316631.1875
2024-01-11 09:44:00,15.08,15.08,15.04,15.04,5000.0,75291.0
2024-01-11 09:45:00,15.04,15.06,15.04,15.05,3200.0,48146.0
2024-01-11 09:46:00,15.04,15.05,15.04,15.05,5500.0,82730.0
2024-01-11 09:47:00,15.04,15.05,15.03,15.03,7200.0,108295.0
2024-01-11 09:48:00,15.04,15.05,15.02,15.02,7200.0,108298.0
2024-01-11 09:49:00,15.03,15.05,15.02,15.04,10900.0,163913.0
2024-01-11 09:50:00,15.04,15.05,15.04,15.05,8200.0,123335.0
2024-01-11 09:51:00,15.05,15.06,15.05,15.06,5100.0,76783.0
2024-01-11 09:52:00,15.06,15.1,15.06,15.1,17800.0,268569.0
2024-01-11 09:53:00,15.09,15.09,15.08,15.09,4200.0,63354.0
2024-01-11 09:54:00,15.1,15.11,15.1,15.11,9900.0,149387.0
2024-01-11 09:55:00,15.1,15.1,15.09,15.09,4500.0,67928.0
2024-01-11 09:56:00,15.09,15.09,15.07,15.07,9000.0,135739.0
2024-01-11 09:57:00,15.07,15.07,15.06,15.06,2700.0,40682.0
2024-01-11 09:58:00,15.05,15.05,15.05,15.05,5900.0,88793.0
2024-01-11 09:59:00,15.05,15.07,15.05,15.06,5100.0,76789.0
2024-01-11 10:00:00,15.07,15.07,15.04,15.04,4400.0,66259.0
2024-01-11 10:01:00,15.05,15.09,15.05,15.09,10100.0,152203.0
2024-01-11 10:02:00,15.07,15.1,15.07,15.09,16000.0,241267.0
2024-01-11 10:03:00,15.09,15.09,15.07,15.07,5100.0,76898.0
2024-01-11 10:04:00,15.06,15.07,15.06,15.07,7500.0,112984.0
2024-01-11 10:05:00,15.07,15.07,15.05,15.05,7200.0,108396.0
2024-01-11 10:06:00,15.04,15.04,15.02,15.02,14100.0,211914.0
2024-01-11 10:07:00,15.01,15.02,14.99,15.01,17500.0,262570.0
2024-01-11 10:08:00,15.0,15.01,15.0,15.01,1500.0,22501.0
2024-01-11 10:09:00,15.0,15.0,14.99,14.99,10300.0,154455.0
2024-01-11 10:10:00,15.0,15.03,14.99,15.03,9800.0,147151.0
2024-01-11 10:11:00,15.03,15.04,15.0,15.02,31700.0,477102.5
2024-01-11 10:12:00,15.04,15.04,15.02,15.02,1500.0,22537.0
2024-01-11 10:13:00,15.01,15.03,15.0,15.03,6900.0,103585.0
2024-01-11 10:14:00,15.02,15.04,15.02,15.04,6800.0,102204.0
2024-01-11 10:15:00,15.05,15.05,15.04,15.05,3500.0,52523.5
2024-01-11 10:16:00,15.05,15.09,15.05,15.08,8200.0,123544.0
2024-01-11 10:17:00,15.09,15.11,15.09,15.11,6600.0,99625.0
2024-01-11 10:18:00,15.11,15.15,15.11,15.14,10700.0,161837.0
2024-01-11 10:19:00,15.15,15.16,15.13,15.16,11500.0,174194.0
2024-01-11 10:20:00,15.16,15.17,15.14,15.16,6100.0,92495.0
2024-01-11 10:21:00,15.16,15.18,15.14,15.18,16300.0,247128.0
2024-01-11 10:22:00,15.19,15.19,15.12,15.12,8900.0,134873.0
2024-01-11 10:23:00,15.13,15.14,15.12,15.14,4800.0,72640.0
2024-01-11 10:24:00,15.14,15.14,15.12,15.13,6100.0,92325.0
2024-01-11 10:25:00,15.12,15.12,15.11,15.12,2200.0,33261.0
2024-01-11 10:26:00,15.11,15.13,15.1,15.12,20000.0,302365.0
2024-01-11 10:27:00,15.12,15.12,15.11,15.11,3700.0,55939.0
2024-01-11 10:28:00,15.09,15.09,15.08,15.08,7200.0,108619.0
2024-01-11 10:29:00,15.09,15.1,15.09,15.1,1900.0,28674.0
2024-01-11 10:30:00,15.09,15.1,15.08,15.09,2900.0,43749.0
2024-01-11 10:31:00,15.09,15.11,15.09,15.1,6400.0,96659.0
2024-01-11 10:32:00,15.1,15.12,15.1,15.12,5600.0,84644.0
2024-01-11 10:33:00,15.11,15.12,15.1,15.12,7200.0,108791.0
2024-01-11 10:34:00,15.11,15.11,15.08,15.08,7800.0,117741.0
2024-01-11 10:35:00,15.07,15.09,15.07,15.08,1400.0,21115.0
2024-01-11 10:36:00,15.07,15.07,15.06,15.06,5900.0,88898.0
2024-01-11 10:37:00,15.05,15.05,15.05,15.05,400.0,6020.0
2024-01-11 10:38:00,15.06,15.08,15.05,15.08,8000.0,120511.0
2024-01-11 10:39:00,15.08,15.08,15.08,15.08,200.0,3016.0
2024-01-11 10:40:00,15.08,15.09,15.08,15.09,3000.0,45256.0
2024-01-11 10:41:00,15.09,15.09,15.09,15.09,2700.0,40743.0
2024-01-11 10:42:00,15.08,15.08,15.06,15.06,5500.0,82883.0
2024-01-11 10:43:00,15.06,15.07,15.06,15.07,5100.0,76813.0
2024-01-11 10:44:00,15.07,15.07,15.07,15.07,3500.0,52745.0
2024-01-11 10:45:00,15.08,15.09,15.08,15.09,5600.0,84459.0
2024-01-11 10:46:00,15.08,15.1,15.08,15.1,1700.0,25651.0
2024-01-11 10:47:00,15.09,15.09,15.09,15.09,4100.0,61869.0
2024-01-11 10:48:00,15.09,15.09,15.08,15.08,1900.0,28657.0
2024-01-11 10:49:00,15.08,15.09,15.08,15.09,200.0,3017.0
2024-01-11 10:50:00,15.08,15.08,15.08,15.08,3900.0,58812.0
2024-01-11 10:51:00,15.08,15.08,15.08,15.08,200.0,3016.0
2024-01-11 10:52:00,15.08,15.08,15.07,15.07,1900.0,28645.0
2024-01-11 10:53:00,15.07,15.07,15.05,15.05,11200.0,168625.0
2024-01-11 10:54:00,15.06,15.06,15.06,15.06,100.0,1506.0
2024-01-11 10:55:00,15.06,15.06,15.05,15.05,1200.0,18065.0
2024-01-11 10:56:00,15.05,15.06,15.05,15.06,3500.0,52707.0
2024-01-11 10:57:00,15.05,15.05,15.05,15.05,8800.0,132438.0
2024-01-11 10:58:00,15.06,15.06,15.06,15.06,700.0,10542.0
2024-01-11 10:59:00,15.05,15.05,15.05,15.05,1100.0,16555.0
2024-01-11 11:00:00,15.06,15.06,15.06,15.06,2100.0,31626.0
2024-01-11 11:01:00,15.07,15.08,15.07,15.08,6800.0,102494.0
2024-01-11 11:02:00,15.07,15.08,15.07,15.08,6600.0,99482.0
2024-01-11 11:03:00,15.07,15.07,15.07,15.07,5800.0,87406.0
2024-01-11 11:04:00,15.07,15.1,15.06,15.1,11200.0,168924.0
2024-01-11 11:05:00,15.1,15.11,15.09,15.11,2600.0,39264.0
2024-01-11 11:06:00,15.11,15.11,15.11,15.11,2300.0,34753.0
2024-01-11 11:07:00,15.12,15.14,15.12,15.12,10500.0,158784.0
2024-01-11 11:08:00,15.12,15.12,15.1,15.1,7400.0,111778.0
2024-01-11 11:09:00,15.11,15.11,15.11,15.11,100.0,1511.0
2024-01-11 11:10:00,15.11,15.11,15.11,15.11,600.0,9066.0
2024-01-11 11:11:00,15.12,15.14,15.12,15.14,6900.0,104405.0
2024-01-11 11:12:00,15.14,15.14,15.13,15.13,5300.0,80190.0
2024-01-11 11:13:00,15.14,15.17,15.14,15.16,11000.0,166688.0
2024-01-11 11:14:00,15.15,15.16,15.15,15.15,3800.0,57572.0
2024-01-11 11:15:00,15.15,15.16,15.14,15.14,900.0,13634.0
2024-01-11 11:16:00,15.15,15.16,15.15,15.16,2900.0,43936.0
2024-01-11 11:17:00,15.16,15.16,15.16,15.16,2700.0,40932.0
2024-01-11 11:18:00,15.16,15.16,15.16,15.16,200.0,3032.0
2024-01-11 11:19:00,15.15,15.15,15.13,15.14,10700.0,162065.0
2024-01-11 11:20:00,15.14,15.16,15.14,15.15,9200.0,139983.59375
2024-01-11 11:21:00,15.16,15.16,15.15,15.16,2200.0,33337.0
2024-01-11 11:22:00,15.15,15.16,15.15,15.15,1900.0,28790.0
2024-01-11 11:23:00,15.16,15.16,15.15,15.16,3000.0,45458.0
2024-01-11 11:24:00,15.16,15.16,15.16,15.16,200.0,3032.0
2024-01-11 11:25:00,15.15,15.15,15.15,15.15,300.0,4545.0
2024-01-11 11:26:00,15.16,15.16,15.15,15.16,10200.0,154593.0
2024-01-11 11:27:00,15.17,15.17,15.16,15.17,3500.0,53088.0
2024-01-11 11:28:00,15.16,15.16,15.16,15.16,1500.0,22740.0
2024-01-11 11:29:00,15.16,15.16,15.16,15.16,300.0,4548.0
2024-01-11 11:30:00,15.16,15.16,15.14,15.15,9200.0,139367.0
2024-01-11 13:01:00,15.14,15.15,15.13,15.13,4700.0,70411.5
2024-01-11 13:02:00,15.13,15.16,15.13,15.15,11600.0,175686.0
2024-01-11 13:03:00,15.14,15.15,15.14,15.15,8400.0,127187.0
2024-01-11 13:04:00,15.16,15.19,15.16,15.17,23100.0,350722.0
2024-01-11 13:05:00,15.16,15.18,15.16,15.17,3700.0,56122.0
2024-01-11 13:06:00,15.18,15.2,15.17,15.18,11900.0,180674.0
2024-01-11 13:07:00,15.18,15.2,15.18,15.19,12300.0,186820.0
2024-01-11 13:08:00,15.19,15.2,15.19,15.19,10200.0,155011.0
2024-01-11 13:09:00,15.19,15.21,15.19,15.21,9100.0,138799.140625
2024-01-11 13:10:00,15.22,15.23,15.21,15.21,11800.0,179536.0
2024-01-11 13:11:00,15.22,15.23,15.22,15.23,4800.0,73076.0
2024-01-11 13:12:00,15.24,15.25,15.23,15.24,8400.0,127981.0
2024-01-11 13:13:00,15.24,15.25,15.22,15.22,9200.0,140148.0
2024-01-11 13:14:00,15.21,15.23,15.21,15.22,8800.0,133885.0
2024-01-11 13:15:00,15.22,15.23,15.22,15.23,2000.0,30457.0
2024-01-11 13:16:00,15.24,15.25,15.24,15.25,1900.0,28960.0
2024-01-11 13:17:00,15.25,15.27,15.24,15.24,10900.0,166262.0
2024-01-11 13:18:00,15.25,15.25,15.24,15.25,9000.0,137176.0
2024-01-11 13:19:00,15.25,15.26,15.25,15.25,9500.0,144963.0
2024-01-11 13:20:00,15.25,15.3,15.25,15.29,15500.0,236712.90625
2024-01-11 13:21:00,15.29,15.29,15.28,15.28,9400.0,143700.0
2024-01-11 13:22:00,15.28,15.28,15.26,15.26,6500.0,99281.0
2024-01-11 13:23:00,15.26,15.27,15.25,15.27,9100.0,138844.0
2024-01-11 13:24:00,15.27,15.28,15.26,15.27,3600.0,54974.0
2024-01-11 13:25:00,15.26,15.26,15.24,15.24,9000.0,137215.0
2024-01-11 13:26:00,15.25,15.26,15.25,15.25,2200.0,33558.0
2024-01-11 13:27:00,15.25,15.26,15.25,15.26,7300.0,111334.0
2024-01-11 13:28:00,15.26,15.26,15.25,15.26,2100.0,32041.0
2024-01-11 13:29:00,15.26,15.29,15.26,15.27,11400.0,174169.0
2024-01-11 13:30:00,15.28,15.28,15.28,15.28,3900.0,59610.0
2024-01-11 13:31:00,15.29,15.29,15.28,15.29,7100.0,108499.0
2024-01-11 13:32:00,15.29,15.3,15.27,15.27,11100.0,169694.0
2024-01-11 13:33:00,15.27,15.27,15.25,15.25,3900.0,59525.0
2024-01-11 13:34:00,15.26,15.26,15.25,15.25,5900.0,89985.0
2024-01-11 13:35:00,15.25,15.25,15.24,15.25,3700.0,56404.0
2024-01-11 13:36:00,15.26,15.28,15.26,15.26,8300.0,126706.0
2024-01-11 13:37:00,15.26,15.26,15.26,15.26,2200.0,33572.0
2024-01-11 13:38:00,15.25,15.27,15.25,15.27,6000.0,91555.0
2024-01-11 13:39:00,15.27,15.28,15.27,15.28,2600.0,39708.0
2024-01-11 13:40:00,15.28,15.28,15.27,15.27,3100.0,47343.0
2024-01-11 13:41:00,15.27,15.28,15.27,15.28,4200.0,64154.0
2024-01-11 13:42:00,15.28,15.29,15.28,15.28,12000.0,183428.0
2024-01-11 13:43:00,15.29,15.29,15.27,15.28,4600.0,70293.0
2024-01-11 13:44:00,15.27,15.28,15.27,15.28,1000.0,15276.0
2024-01-11 13:45:00,15.26,15.27,15.25,15.26,21200.0,323541.0
2024-01-11 13:46:00,15.26,15.27,15.26,15.27,5400.0,82835.0234375
2024-01-11 13:47:00,15.28,15.29,15.28,15.29,4300.0,65717.0
2024-01-11 13:48:00,15.29,15.29,15.29,15.29,1300.0,19877.0
2024-01-11 13:49:00,15.28,15.28,15.28,15.28,4900.0,74872.0
2024-01-11 13:50:00,15.28,15.31,15.27,15.31,12900.0,197318.90625
2024-01-11 13:51:00,15.3,15.32,15.3,15.3,5700.0,87234.8984375
2024-01-11 13:52:00,15.3,15.3,15.29,15.29,8500.0,129997.0
2024-01-11 13:53:00,15.29,15.29,15.28,15.29,4200.0,64207.0
2024-01-11 13:54:00,15.29,15.3,15.29,15.29,4200.0,64220.0
2024-01-11 13:55:00,15.3,15.3,15.29,15.29,2900.0,44350.0
2024-01-11 13:56:00,15.3,15.3,15.29,15.3,1600.0,24472.0
2024-01-11 13:57:00,15.3,15.3,15.29,15.3,2600.0,39773.0
2024-01-11 13:58:00,15.29,15.29,15.28,15.28,2900.0,44339.0
2024-01-11 13:59:00,15.28,15.28,15.26,15.26,11900.0,181809.0
2024-01-11 14:00:00,15.26,15.27,15.26,15.27,8600.0,131305.0
2024-01-11 14:01:00,15.28,15.28,15.27,15.27,13200.0,201626.0
2024-01-11 14:02:00,15.27,15.27,15.26,15.26,11300.0,172487.0
2024-01-11 14:03:00,15.25,15.25,15.24,15.25,7400.0,112845.0
2024-01-11 14:04:00,15.26,15.26,15.24,15.24,2100.0,32010.0
2024-01-11 14:05:00,15.24,15.24,15.22,15.22,11000.0,167458.0
2024-01-11 14:06:00,15.23,15.25,15.23,15.25,9500.0,144766.0
2024-01-11 14:07:00,15.24,15.25,15.24,15.25,700.0,10670.0
2024-01-11 14:08:00,15.24,15.24,15.23,15.23,4000.0,60932.0
2024-01-11 14:09:00,15.22,15.23,15.21,15.21,5200.0,79137.0
2024-01-11 14:10:00,15.21,15.22,15.21,15.22,800.0,12173.0
2024-01-11 14:11:00,15.22,15.23,15.22,15.22,4700.0,71546.0
2024-01-11 14:12:00,15.22,15.22,15.2,15.2,9500.0,144468.0
2024-01-11 14:13:00,15.21,15.21,15.2,15.2,5800.0,88171.0
2024-01-11 14:14:00,15.21,15.21,15.2,15.21,3800.0,57766.0
2024-01-11 14:15:00,15.21,15.21,15.2,15.21,1600.0,24332.0
2024-01-11 14:16:00,15.21,15.24,15.21,15.24,10300.0,156759.0
2024-01-11 14:17:00,15.23,15.23,15.21,15.23,5200.0,79174.0
2024-01-11 14:18:00,15.23,15.25,15.23,15.25,7900.0,120355.0
2024-01-11 14:19:00,15.25,15.25,15.23,15.24,1700.0,25905.0
2024-01-11 14:20:00,15.23,15.24,15.23,15.24,4300.0,65492.0
2024-01-11 14:21:00,15.23,15.25,15.23,15.24,6400.0,97536.0
2024-01-11 14:22:00,15.24,15.24,15.24,15.24,2800.0,42672.0
2024-01-11 14:23:00,15.23,15.25,15.23,15.25,12100.0,184312.0
2024-01-11 14:24:00,15.24,15.25,15.24,15.24,1500.0,22862.0
2024-01-11 14:25:00,15.24,15.25,15.24,15.25,1300.0,19818.0
2024-01-11 14:26:00,15.24,15.25,15.24,15.25,4900.0,74710.0
2024-01-11 14:27:00,15.25,15.26,15.25,15.25,7100.0,108278.0
2024-01-11 14:28:00,15.26,15.26,15.25,15.26,6600.0,100698.0
2024-01-11 14:29:00,15.26,15.26,15.25,15.26,3200.0,48821.0
2024-01-11 14:30:00,15.26,15.27,15.25,15.26,13700.0,209060.0
2024-01-11 14:31:00,15.26,15.26,15.24,15.24,6500.0,99138.0
2024-01-11 14:32:00,15.24,15.26,15.24,15.25,7600.0,115884.0
2024-01-11 14:33:00,15.25,15.25,15.25,15.25,9200.0,140300.0
2024-01-11 14:34:00,15.25,15.25,15.24,15.24,2100.0,32024.0
2024-01-11 14:35:00,15.24,15.25,15.24,15.25,5200.0,79258.0
2024-01-11 14:36:00,15.24,15.24,15.21,15.22,20800.0,316724.0
2024-01-11 14:37:00,15.22,15.22,15.21,15.21,11400.0,173444.0
2024-01-11 14:38:00,15.21,15.22,15.21,15.22,4300.0,65429.0
2024-01-11 14:39:00,15.21,15.21,15.21,15.21,1400.0,21294.0
2024-01-11 14:40:00,15.22,15.22,15.19,15.19,16900.0,256940.0
2024-01-11 14:41:00,15.19,15.21,15.19,15.19,6900.0,104840.0
2024-01-11 14:42:00,15.19,15.19,15.18,15.18,9900.0,150300.0
2024-01-11 14:43:00,15.18,15.19,15.18,15.19,5500.0,83532.0
2024-01-11 14:44:00,15.18,15.19,15.17,15.19,9200.0,139660.0
2024-01-11 14:45:00,15.18,15.18,15.17,15.17,5800.0,88015.0
2024-01-11 14:46:00,15.17,15.18,15.17,15.17,5700.0,86510.0
2024-01-11 14:47:00,15.17,15.18,15.17,15.18,14600.0,221543.5625
2024-01-11 14:48:00,15.17,15.18,15.16,15.17,8100.0,122843.0
2024-01-11 14:49:00,15.17,15.19,15.16,15.19,12600.0,191188.0
2024-01-11 14:50:00,15.18,15.19,15.18,15.18,14600.0,220230.71875
2024-01-11 14:51:00,15.19,15.2,15.19,15.19,7500.0,113911.296875
2024-01-11 14:52:00,15.19,15.2,15.18,15.19,14700.0,223323.296875
2024-01-11 14:53:00,15.19,15.19,15.19,15.19,1100.0,16710.0
2024-01-11 14:54:00,15.19,15.2,15.19,15.19,7700.0,116966.0
2024-01-11 14:55:00,15.19,15.2,15.19,15.2,21800.0,331093.0
2024-01-11 14:56:00,15.2,15.2,15.19,15.19,7400.0,112444.0
2024-01-11 14:57:00,15.2,15.2,15.17,15.18,12600.0,191299.0
2024-01-11 14:58:00,15.18,15.18,15.18,15.18,0.0,0.0
2024-01-11 14:59:00,15.18,15.18,15.18,15.18,0.0,0.0
2024-01-11 15:00:00,15.23,15.23,15.23,15.23,14300.0,217789.0
2024-01-12 09:31:00,15.15,15.27,15.15,15.18,43500.0,660979.0
2024-01-12 09:32:00,15.17,15.19,15.15,15.15,56400.0,854994.0
2024-01-12 09:33:00,15.16,15.2,15.14,15.14,18400.0,279390.0
2024-01-12 09:34:00,15.14,15.18,15.13,15.17,27400.0,415256.0
2024-01-12 09:35:00,15.16,15.18,15.15,15.17,5200.0,78890.0
2024-01-12 09:36:00,15.17,15.18,15.13,15.14,24800.0,375792.0
2024-01-12 09:37:00,15.15,15.19,15.15,15.17,31400.0,476542.0
2024-01-12 09:38:00,15.18,15.2,15.18,15.2,10500.0,159423.0
2024-01-12 09:39:00,15.2,15.22,15.19,15.22,10400.0,157376.5
2024-01-12 09:40:00,15.22,15.24,15.21,15.24,10200.0,155333.0
2024-01-12 09:41:00,15.23,15.26,15.23,15.23,7900.0,120424.0
2024-01-12 09:42:00,15.23,15.25,15.23,15.25,6600.0,100595.0
2024-01-12 09:43:00,15.24,15.27,15.24,15.27,9900.0,151069.0
2024-01-12 09:44:00,15.26,15.27,15.25,15.25,8000.0,122048.0
2024-01-12 09:45:00,15.25,15.25,15.21,15.21,8200.0,124903.0
2024-01-12 09:46:00,15.2,15.2,15.16,15.16,11400.0,173822.5
2024-01-12 09:47:00,15.15,15.16,15.14,15.15,9900.0,150009.0
2024-01-12 09:48:00,15.15,15.17,15.14,15.16,21000.0,318128.0
2024-01-12 09:49:00,15.16,15.19,15.16,15.19,6600.0,100109.0
2024-01-12 09:50:00,15.17,15.17,15.15,15.15,3900.0,59128.0
2024-01-12 09:51:00,15.15,15.15,15.14,15.14,5800.0,87857.0
2024-01-12 09:52:00,15.15,15.15,15.15,15.15,5600.0,84833.0
2024-01-12 09:53:00,15.16,15.17,15.16,15.17,10100.0,153164.0
2024-01-12 09:54:00,15.17,15.19,15.17,15.19,5900.0,89583.0
2024-01-12 09:55:00,15.21,15.21,15.19,15.19,2500.0,37985.0
2024-01-12 09:56:00,15.2,15.2,15.2,15.2,200.0,3040.0
2024-01-12 09:57:00,15.19,15.2,15.18,15.2,5100.0,77471.0
2024-01-12 09:58:00,15.2,15.2,15.19,15.19,4200.0,63829.0
2024-01-12 09:59:00,15.2,15.2,15.19,15.19,3200.0,48621.0
2024-01-12 10:00:00,15.19,15.2,15.18,15.2,7000.0,106279.0
2024-01-12 10:01:00,15.2,15.2,15.17,15.17,8900.0,135200.0
2024-01-12 10:02:00,15.18,15.18,15.16,15.17,16900.0,256350.0
2024-01-12 10:03:00,15.18,15.19,15.18,15.19,4700.0,71347.0
2024-01-12 10:04:00,15.18,15.2,15.18,15.2,4700.0,71386.0
2024-01-12 10:05:00,15.19,15.23,15.19,15.23,11600.0,176395.0
2024-01-12 10:06:00,15.23,15.23,15.21,15.22,8400.0,127891.0
2024-01-12 10:07:00,15.21,15.21,15.2,15.2,1200.0,18241.0
2024-01-12 10:08:00,15.2,15.21,15.19,15.19,10000.0,151969.0
2024-01-12 10:09:00,15.18,15.18,15.17,15.18,5200.0,78934.0
2024-01-12 10:10:00,15.18,15.21,15.18,15.18,11000.0,167064.0
2024-01-12 10:11:00,15.18,15.18,15.16,15.18,11400.0,172949.0
2024-01-12 10:12:00,15.18,15.2,15.17,15.2,13100.0,198831.0
2024-01-12 10:13:00,15.18,15.2,15.18,15.19,12700.0,193002.0
2024-01-12 10:14:00,15.19,15.22,15.19,15.22,11100.0,168846.0
2024-01-12 10:15:00,15.22,15.23,15.22,15.23,1900.0,28935.0
2024-01-12 10:16:00,15.24,15.25,15.24,15.24,5400.0,82293.0
2024-01-12 10:17:00,15.25,15.25,15.25,15.25,2600.0,39647.0
2024-01-12 10:18:00,15.24,15.24,15.23,15.24,7800.0,118863.0
2024-01-12 10:19:00,15.24,15.27,15.24,15.27,5400.0,82374.0
2024-01-12 10:20:00,15.25,15.25,15.24,15.24,9300.0,141775.0
2024-01-12 10:21:00,15.24,15.25,15.23,15.23,20000.0,304165.09375
2024-01-12 10:22:00,15.23,15.23,15.22,15.22,15400.0,234974.90625
2024-01-12 10:23:00,15.23,15.24,15.23,15.23,4000.0,60474.1015625
2024-01-12 10:24:00,15.24,15.24,15.24,15.24,4900.0,74676.0
2024-01-12 10:25:00,15.23,15.25,15.23,15.25,1000.0,15238.0
2024-01-12 10:26:00,15.24,15.24,15.24,15.24,3300.0,50292.0
2024-01-12 10:27:00,15.24,15.24,15.23,15.23,5000.0,76155.0
2024-01-12 10:28:00,15.23,15.23,15.22,15.23,8200.0,124834.0
2024-01-12 10:29:00,15.24,15.24,15.23,15.23,1900.0,28952.0
2024-01-12 10:30:00,15.23,15.24,15.23,15.23,5200.0,79205.0
2024-01-12 10:31:00,15.23,15.24,15.23,15.24,1300.0,19803.0
2024-01-12 10:32:00,15.24,15.25,15.23,15.25,6200.0,94523.0
2024-01-12 10:33:00,15.24,15.24,15.23,15.23,7400.0,112773.0
2024-01-12 10:34:00,15.24,15.24,15.23,15.23,2100.0,31995.0
2024-01-12 10:35:00,15.24,15.24,15.21,15.22,4800.0,73078.0
2024-01-12 10:36:00,15.21,15.21,15.19,15.19,5200.0,79035.0
2024-01-12 10:37:00,15.19,15.2,15.19,15.2,1800.0,27352.0
2024-01-12 10:38:00,15.2,15.2,15.19,15.19,700.0,10638.0
2024-01-12 10:39:00,15.19,15.2,15.19,15.2,14500.0,220010.203125
2024-01-12 10:40:00,15.2,15.2,15.19,15.19,2400.0,36760.80078125
2024-01-12 10:41:00,15.19,15.2,15.19,15.2,2600.0,39192.19921875
2024-01-12 10:42:00,15.2,15.2,15.2,15.2,2300.0,34953.0
2024-01-12 10:43:00,15.19,15.19,15.18,15.19,5100.0,77767.796875
2024-01-12 10:44:00,15.19,15.19,15.18,15.18,4300.0,65277.0
2024-01-12 10:45:00,15.18,15.19,15.18,15.19,3100.0,47086.0
2024-01-12 10:46:00,15.2,15.2,15.18,15.2,1400.0,21261.0
2024-01-12 10:47:00,15.19,15.19,15.18,15.18,2500.0,37956.0
2024-01-12 10:48:00,15.18,15.18,15.18,15.18,1600.0,24287.0
2024-01-12 10:49:00,15.17,15.17,15.17,15.17,10800.0,163837.0
2024-01-12 10:50:00,15.16,15.17,15.16,15.17,15300.0,231979.0
2024-01-12 10:51:00,15.16,15.18,15.16,15.18,9700.0,147135.0
2024-01-12 10:52:00,15.18,15.18,15.17,15.18,1500.0,22762.0
2024-01-12 10:53:00,15.18,15.18,15.18,15.18,1300.0,19734.0
2024-01-12 10:54:00,15.17,15.18,15.17,15.18,7200.0,109294.0
2024-01-12 10:55:00,15.18,15.2,15.18,15.19,3700.0,56187.0
2024-01-12 10:56:00,15.19,15.21,15.18,15.21,8100.0,123497.703125
2024-01-12 10:57:00,15.19,15.21,15.19,15.19,3000.0,45595.0
2024-01-12 10:58:00,15.19,15.19,15.17,15.17,4300.0,65292.0
2024-01-12 10:59:00,15.18,15.18,15.16,15.18,2100.0,31859.0
2024-01-12 11:00:00,15.16,15.18,15.16,15.17,2600.0,39445.0
2024-01-12 11:01:00,15.17,15.17,15.15,15.15,11000.0,166792.0
2024-01-12 11:02:00,15.16,15.16,15.15,15.15,6100.0,92453.0
2024-01-12 11:03:00,15.16,15.16,15.15,15.16,14300.0,216676.0
2024-01-12 11:04:00,15.16,15.16,15.16,15.16,8500.0,128865.0
2024-01-12 11:05:00,15.16,15.16,15.15,15.15,1400.0,21216.0
2024-01-12 11:06:00,15.15,15.16,15.15,15.16,1000.0,15157.0
2024-01-12 11:07:00,15.16,15.16,15.15,15.16,4700.0,71235.0
2024-01-12 11:08:00,15.16,15.17,15.16,15.16,4800.0,72787.0
2024-01-12 11:09:00,15.17,15.17,15.17,15.17,1000.0,15170.0
2024-01-12 11:10:00,15.16,15.17,15.16,15.17,800.0,12134.0
2024-01-12 11:11:00,15.17,15.18,15.16,15.18,4000.0,60696.0
2024-01-12 11:12:00,15.17,15.17,15.15,15.15,27300.0,413902.0
2024-01-12 11:13:00,15.16,15.16,15.15,15.15,500.0,7576.0
2024-01-12 11:14:00,15.15,15.15,15.14,15.15,3700.0,56035.0
2024-01-12 11:15:00,15.14,15.14,15.14,15.14,1800.0,27255.0
2024-01-12 11:16:00,15.14,15.15,15.14,15.15,2700.0,40887.0
2024-01-12 11:17:00,15.15,15.15,15.12,15.12,10000.0,151322.0
2024-01-12 11:18:00,15.12,15.12,15.12,15.12,1700.0,25704.0
2024-01-12 11:19:00,15.12,15.12,15.11,15.11,3100.0,46853.0
2024-01-12 11:20:00,15.11,15.11,15.1,15.11,10700.0,161641.0
2024-01-12 11:21:00,15.12,15.14,15.12,15.14,14200.0,214733.0
2024-01-12 11:22:00,15.14,15.14,15.13,15.13,2300.0,34800.0
2024-01-12 11:23:00,15.12,15.13,15.12,15.13,1900.0,28737.0
2024-01-12 11:24:00,15.12,15.13,15.12,15.13,1900.0,28731.0
2024-01-12 11:25:00,15.13,15.13,15.12,15.12,1800.0,27228.0
2024-01-12 11:26:00,15.11,15.12,15.11,15.12,1900.0,28726.0
2024-01-12 11:27:00,15.12,15.12,15.11,15.11,500.0,7558.0
2024-01-12 11:28:00,15.11,15.11,15.11,15.11,5900.0,89149.0
2024-01-12 11:29:00,15.11,15.11,15.1,15.1,1700.0,25677.0
2024-01-12 11:30:00,15.1,15.11,15.09,15.09,7300.0,110232.0
2024-01-12 13:01:00,15.05,15.09,15.04,15.04,42100.0,634028.0
2024-01-12 13:02:00,15.04,15.05,15.03,15.04,11200.0,168500.0
2024-01-12 13:03:00,15.04,15.07,15.04,15.07,3500.0,53069.30078125
2024-01-12 13:04:00,15.05,15.07,15.05,15.05,5800.0,87343.0
2024-01-12 13:05:00,15.06,15.06,15.06,15.06,900.0,13554.0
2024-01-12 13:06:00,15.06,15.07,15.06,15.06,11300.0,170230.0
2024-01-12 13:07:00,15.06,15.09,15.06,15.09,5100.0,76208.6015625
2024-01-12 13:08:00,15.06,15.06,15.05,15.06,2700.0,41259.3984375
2024-01-12 13:09:00,15.06,15.06,15.05,15.06,2600.0,39154.0
2024-01-12 13:10:00,15.06,15.08,15.06,15.06,1500.0,22599.80078125
2024-01-12 13:11:00,15.06,15.07,15.06,15.06,4900.0,73804.0
2024-01-12 13:12:00,15.06,15.07,15.06,15.07,5200.0,78314.0
2024-01-12 13:13:00,15.06,15.07,15.05,15.05,10500.0,158098.0
2024-01-12 13:14:00,15.06,15.06,15.05,15.05,1300.0,19567.0
2024-01-12 13:15:00,15.06,15.07,15.05,15.06,4700.0,70791.0
2024-01-12 13:16:00,15.07,15.07,15.06,15.07,1800.0,27121.0
2024-01-12 13:17:00,15.07,15.07,15.07,15.07,5200.0,78365.0
2024-01-12 13:18:00,15.08,15.08,15.06,15.07,1700.0,25612.0
2024-01-12 13:19:00,15.07,15.08,15.07,15.08,4200.0,63296.0
2024-01-12 13:20:00,15.08,15.09,15.07,15.07,5200.0,78407.0
2024-01-12 13:21:00,15.07,15.07,15.06,15.07,1200.0,18075.0
2024-01-12 13:22:00,15.07,15.07,15.06,15.06,1600.0,24098.0
2024-01-12 13:23:00,15.07,15.07,15.05,15.05,12700.0,191261.0
2024-01-12 13:24:00,15.05,15.06,15.04,15.04,24900.0,374733.0
2024-01-12 13:25:00,15.05,15.05,15.04,15.04,11500.0,173000.0
2024-01-12 13:26:00,15.04,15.06,15.04,15.06,5100.0,76742.0
2024-01-12 13:27:00,15.06,15.06,15.04,15.05,1600.0,24083.0
2024-01-12 13:28:00,15.05,15.06,15.05,15.05,5000.0,75255.0
2024-01-12 13:29:00,15.04,15.06,15.04,15.05,3100.0,46658.0
2024-01-12 13:30:00,15.05,15.06,15.04,15.04,3600.0,54177.0
2024-01-12 13:31:00,15.04,15.04,15.03,15.03,10300.0,154872.0
2024-01-12 13:32:00,15.03,15.03,15.03,15.03,3400.0,51102.0
2024-01-12 13:33:00,15.03,15.03,15.02,15.02,8700.0,130735.0
2024-01-12 13:34:00,15.02,15.02,15.01,15.02,8100.0,121661.0
2024-01-12 13:35:00,15.02,15.02,15.01,15.01,9200.0,138123.0
2024-01-12 13:36:00,15.01,15.01,15.0,15.0,23400.0,351134.0
2024-01-12 13:37:00,15.01,15.01,15.0,15.0,2500.0,37510.0
2024-01-12 13:38:00,15.01,15.01,15.0,15.01,2000.0,30015.0
2024-01-12 13:39:00,15.0,15.02,15.0,15.02,14400.0,216150.0
2024-01-12 13:40:00,15.02,15.02,15.01,15.02,2600.0,39050.0
2024-01-12 13:41:00,15.02,15.02,15.0,15.0,5300.0,79557.0
2024-01-12 13:42:00,15.01,15.01,15.01,15.01,2400.0,36024.0
2024-01-12 13:43:00,15.01,15.01,15.01,15.01,6500.0,97564.0
2024-01-12 13:44:00,15.01,15.01,15.0,15.01,14200.0,213010.0
2024-01-12 13:45:00,15.01,15.01,14.99,15.0,7300.0,109446.0
2024-01-12 13:46:00,14.99,15.0,14.99,14.99,10400.0,155385.40625
2024-01-12 13:47:00,14.99,15.0,14.99,14.99,4900.0,73452.0
2024-01-12 13:48:00,14.99,14.99,14.98,14.99,11900.0,178920.59375
2024-01-12 13:49:00,14.98,14.98,14.97,14.98,3800.0,56916.0
2024-01-12 13:50:00,14.98,14.99,14.97,14.97,9900.0,148234.0
2024-01-12 13:51:00,14.99,14.99,14.97,14.97,4300.0,64383.0
2024-01-12 13:52:00,14.97,14.97,14.96,14.97,2000.0,29937.0
2024-01-12 13:53:00,14.97,14.97,14.96,14.97,2900.0,43398.0
2024-01-12 13:54:00,14.97,14.98,14.97,14.97,12800.0,191617.0
2024-01-12 13:55:00,14.98,14.98,14.96,14.96,4500.0,67365.0
2024-01-12 13:56:00,14.97,14.97,14.96,14.96,4200.0,62864.0
2024-01-12 13:57:00,14.97,14.98,14.97,14.98,5000.0,74865.0
2024-01-12 13:58:00,14.98,14.98,14.98,14.98,2700.0,40446.0
2024-01-12 13:59:00,14.98,14.99,14.98,14.99,3400.0,50940.0
2024-01-12 14:00:00,14.99,14.99,14.97,14.97,2600.0,38941.0
2024-01-12 14:01:00,14.98,14.98,14.98,14.98,4200.0,62914.0
2024-01-12 14:02:00,14.98,14.98,14.97,14.97,2200.0,32938.0
2024-01-12 14:03:00,14.97,14.97,14.96,14.97,11200.0,167642.0
2024-01-12 14:04:00,14.96,14.97,14.94,14.94,17600.0,263262.0
2024-01-12 14:05:00,14.94,14.97,14.93,14.96,35100.0,524116.40625
2024-01-12 14:06:00,14.97,14.98,14.96,14.97,7100.0,106261.0
2024-01-12 14:07:00,14.97,14.97,14.97,14.97,4300.0,64371.0
2024-01-12 14:08:00,14.96,14.97,14.96,14.97,2600.0,38906.0
2024-01-12 14:09:00,14.97,14.98,14.97,14.98,3200.0,47905.0
2024-01-12 14:10:00,14.98,14.99,14.97,14.98,8400.0,125864.0
2024-01-12 14:11:00,14.99,14.99,14.99,14.99,1500.0,22485.0
2024-01-12 14:12:00,14.99,14.99,14.97,14.97,6900.0,103388.0
2024-01-12 14:13:00,14.96,14.98,14.96,14.98,3900.0,58384.0
2024-01-12 14:14:00,14.98,14.99,14.97,14.99,8800.0,131822.0
2024-01-12 14:15:00,14.99,14.99,14.99,14.99,5900.0,88441.0
2024-01-12 14:16:00,15.0,15.0,14.99,14.99,1500.0,22490.0
2024-01-12 14:17:00,14.98,15.01,14.98,14.99,8200.0,122968.0
2024-01-12 14:18:00,14.99,15.0,14.99,15.0,3700.0,55490.0
2024-01-12 14:19:00,15.01,15.01,15.0,15.0,4800.0,72002.0
2024-01-12 14:20:00,15.01,15.01,14.99,15.0,12800.0,192007.0
2024-01-12 14:21:00,14.99,15.01,14.99,15.01,10100.0,151504.0
2024-01-12 14:22:00,15.01,15.01,15.0,15.01,1700.0,25516.0
2024-01-12 14:23:00,15.01,15.01,15.01,15.01,0.0,0.0
2024-01-12 14:24:00,15.0,15.0,15.0,15.0,1000.0,15008.0
2024-01-12 14:25:00,15.01,15.01,15.01,15.01,4700.0,70546.0
2024-01-12 14:26:00,15.0,15.0,15.0,15.0,1600.0,24000.0
2024-01-12 14:27:00,15.0,15.0,14.98,14.98,17100.0,256352.0
2024-01-12 14:28:00,14.99,14.99,14.98,14.98,4600.0,68939.0
2024-01-12 14:29:00,14.99,14.99,14.97,14.98,4600.0,68914.0
2024-01-12 14:30:00,14.99,14.99,14.98,14.98,8100.0,121395.0
2024-01-12 14:31:00,14.98,14.99,14.98,14.99,2900.0,43458.0
2024-01-12 14:32:00,14.98,15.0,14.98,14.98,5100.0,76436.0
2024-01-12 14:33:00,14.99,14.99,14.98,14.98,4100.0,61422.0
2024-01-12 14:34:00,14.99,14.99,14.98,14.98,1400.0,20974.0
2024-01-12 14:35:00,15.0,15.0,14.99,14.99,5200.0,77961.0
2024-01-12 14:36:00,14.98,14.98,14.96,14.97,16300.0,244104.0
2024-01-12 14:37:00,14.96,14.97,14.96,14.96,4600.0,68822.0
2024-01-12 14:38:00,14.96,14.97,14.95,14.95,25000.0,373854.0
2024-01-12 14:39:00,14.94,14.95,14.93,14.95,25100.0,374997.0
2024-01-12 14:40:00,14.94,14.95,14.93,14.94,11900.0,177767.0
2024-01-12 14:41:00,14.9,14.95,14.89,14.92,68800.0,1025878.5
2024-01-12 14:42:00,14.93,14.93,14.92,14.93,7900.0,117809.484375
2024-01-12 14:43:00,14.92,14.93,14.92,14.93,3900.0,58203.0
2024-01-12 14:44:00,14.92,14.93,14.92,14.92,19700.0,293963.0
2024-01-12 14:45:00,14.92,14.94,14.92,14.93,7700.0,114902.0
2024-01-12 14:46:00,14.93,14.93,14.91,14.91,6900.0,102945.0
2024-01-12 14:47:00,14.91,14.92,14.9,14.9,19600.0,292142.0
2024-01-12 14:48:00,14.9,14.9,14.89,14.9,14400.0,214463.0
2024-01-12 14:49:00,14.89,14.89,14.88,14.89,20600.0,306657.0
2024-01-12 14:50:00,14.89,14.9,14.88,14.89,19300.0,287356.0
2024-01-12 14:51:00,14.9,14.9,14.88,14.88,17800.0,264942.0
2024-01-12 14:52:00,14.88,14.89,14.87,14.88,29500.0,438926.0
2024-01-12 14:53:00,14.87,14.89,14.86,14.89,26300.0,391187.0
2024-01-12 14:54:00,14.87,14.88,14.87,14.88,9000.0,133832.0
2024-01-12 14:55:00,14.88,14.89,14.85,14.88,31700.0,471351.0
2024-01-12 14:56:00,14.87,14.89,14.86,14.88,17100.0,254282.0
2024-01-12 14:57:00,14.89,14.89,14.88,14.89,20600.0,306433.03125
2024-01-12 14:58:00,14.89,14.89,14.89,14.89,0.0,0.0
2024-01-12 14:59:00,14.89,14.89,14.89,14.89,0.0,0.0
2024-01-12 15:00:00,14.89,14.89,14.89,14.89,34000.0,506260.0
