trade_time,open,high,low,close,vol,amount
2024-01-02 09:31:00,23.92,24.0,23.9,23.9,24300.0,581837.0
2024-01-02 09:32:00,23.88,23.96,23.88,23.91,7400.0,176955.0
2024-01-02 09:33:00,23.91,23.93,23.89,23.89,5800.0,138689.0
2024-01-02 09:34:00,23.9,23.95,23.9,23.95,8900.0,213009.0
2024-01-02 09:35:00,23.94,23.94,23.9,23.9,3700.0,88478.0
2024-01-02 09:36:00,23.9,23.9,23.86,23.86,6500.0,155284.0
2024-01-02 09:37:00,23.88,23.93,23.86,23.93,5200.0,124287.0
2024-01-02 09:38:00,23.93,23.93,23.86,23.91,7800.0,186488.0
2024-01-02 09:39:00,23.91,23.91,23.86,23.91,3100.0,74124.0
2024-01-02 09:40:00,23.9,23.9,23.85,23.88,11800.0,281578.0
2024-01-02 09:41:00,23.86,23.88,23.86,23.88,4400.0,104988.0
2024-01-02 09:42:00,23.87,23.87,23.83,23.86,3500.0,83487.0
2024-01-02 09:43:00,23.84,23.86,23.82,23.82,6000.0,143116.0
2024-01-02 09:44:00,23.82,23.82,23.81,23.81,2600.0,61928.0
2024-01-02 09:45:00,23.81,23.83,23.81,23.82,4600.0,109584.0
2024-01-02 09:46:00,23.83,23.83,23.8,23.81,6100.0,145223.0
2024-01-02 09:47:00,23.8,23.83,23.8,23.83,5800.0,138098.0
2024-01-02 09:48:00,23.83,23.83,23.8,23.8,2500.0,59513.0
2024-01-02 09:49:00,23.8,23.8,23.78,23.78,9700.0,230768.0
2024-01-02 09:50:00,23.78,23.79,23.78,23.78,4500.0,107013.0
2024-01-02 09:51:00,23.78,23.78,23.77,23.77,4500.0,107008.0
2024-01-02 09:52:00,23.79,23.79,23.78,23.78,4400.0,104636.0
2024-01-02 09:53:00,23.79,23.79,23.78,23.79,5900.0,140358.0
2024-01-02 09:54:00,23.78,23.8,23.78,23.8,1500.0,35685.0
2024-01-02 09:55:00,23.8,23.82,23.8,23.82,1200.0,28580.0
2024-01-02 09:56:00,23.82,23.82,23.8,23.8,8100.0,192805.0
2024-01-02 09:57:00,23.79,23.8,23.79,23.8,900.0,21418.0
2024-01-02 09:58:00,23.8,23.8,23.79,23.79,3600.0,85669.0
2024-01-02 09:59:00,23.79,23.8,23.79,23.8,2500.0,59495.0
2024-01-02 10:00:00,23.79,23.8,23.79,23.79,1900.0,45211.0
2024-01-02 10:01:00,23.81,23.82,23.8,23.8,1500.0,35718.0
2024-01-02 10:02:00,23.82,23.84,23.82,23.84,9500.0,226403.0
2024-01-02 10:03:00,23.84,23.84,23.8,23.8,5200.0,123890.0
2024-01-02 10:04:00,23.81,23.81,23.81,23.81,600.0,14286.0
2024-01-02 10:05:00,23.81,23.82,23.8,23.82,4100.0,97621.0
2024-01-02 10:06:00,23.81,23.82,23.8,23.82,3800.0,90470.0
2024-01-02 10:07:00,23.83,23.83,23.81,23.81,1800.0,42882.0
2024-01-02 10:08:00,23.82,23.83,23.82,23.83,1100.0,26203.0
2024-01-02 10:09:00,23.81,23.81,23.8,23.8,5400.0,128553.0
2024-01-02 10:10:00,23.8,23.81,23.8,23.8,2800.0,66642.0
2024-01-02 10:11:00,23.81,23.83,23.81,23.82,1100.0,26198.0
2024-01-02 10:12:00,23.82,23.82,23.82,23.82,200.0,4764.0
2024-01-02 10:13:00,23.81,23.83,23.81,23.83,2600.0,61933.0
2024-01-02 10:14:00,23.82,23.82,23.81,23.81,2300.0,54785.0
2024-01-02 10:15:00,23.82,23.83,23.81,23.83,2200.0,52393.0
2024-01-02 10:16:00,23.83,23.83,23.83,23.83,0.0,0.0
2024-01-02 10:17:00,23.81,23.83,23.81,23.83,1600.0,38109.0
2024-01-02 10:18:00,23.83,23.84,23.83,23.84,1400.0,33363.0
2024-01-02 10:19:00,23.83,23.83,23.82,23.82,2400.0,57191.0
2024-01-02 10:20:00,23.83,23.85,23.83,23.85,3700.0,88216.0
2024-01-02 10:21:00,23.84,23.85,23.84,23.84,400.0,9537.0
2024-01-02 10:22:00,23.84,23.84,23.84,23.84,500.0,11920.0
2024-01-02 10:23:00,23.83,23.83,23.82,23.82,1100.0,26211.0
2024-01-02 10:24:00,23.82,23.82,23.8,23.8,9100.0,216688.0
2024-01-02 10:25:00,23.8,23.81,23.8,23.81,500.0,11901.0
2024-01-02 10:26:00,23.8,23.8,23.79,23.79,4300.0,102330.0
2024-01-02 10:27:00,23.79,23.8,23.79,23.8,3900.0,92782.0
2024-01-02 10:28:00,23.8,23.8,23.8,23.8,0.0,0.0
2024-01-02 10:29:00,23.8,23.8,23.8,23.8,100.0,2380.0
2024-01-02 10:30:00,23.8,23.8,23.79,23.79,200.0,4759.0
2024-01-02 10:31:00,23.8,23.8,23.8,23.8,2600.0,61880.0
2024-01-02 10:32:00,23.81,23.82,23.81,23.82,9000.0,214294.0
2024-01-02 10:33:00,23.82,23.82,23.82,23.82,300.0,7146.0
2024-01-02 10:34:00,23.82,23.82,23.82,23.82,0.0,0.0
2024-01-02 10:35:00,23.81,23.81,23.81,23.81,100.0,2381.0
2024-01-02 10:36:00,23.84,23.84,23.84,23.84,600.0,14304.0
2024-01-02 10:37:00,23.82,23.87,23.82,23.87,1800.0,42924.0
2024-01-02 10:38:00,23.88,23.88,23.86,23.87,1600.0,38190.0
2024-01-02 10:39:00,23.87,23.87,23.87,23.87,0.0,0.0
2024-01-02 10:40:00,23.86,23.86,23.85,23.85,400.0,9542.0
2024-01-02 10:41:00,23.85,23.87,23.85,23.87,700.0,16702.0
2024-01-02 10:42:00,23.87,23.87,23.87,23.87,0.0,0.0
2024-01-02 10:43:00,23.87,23.87,23.87,23.87,0.0,0.0
2024-01-02 10:44:00,23.87,23.87,23.86,23.86,1200.0,28633.0
2024-01-02 10:45:00,23.86,23.89,23.86,23.89,6900.0,164776.0
2024-01-02 10:46:00,23.92,23.92,23.9,23.9,800.0,19127.0
2024-01-02 10:47:00,23.9,23.9,23.88,23.88,3800.0,90786.0
2024-01-02 10:48:00,23.88,23.88,23.88,23.88,1100.0,26268.0
2024-01-02 10:49:00,23.88,23.89,23.88,23.89,3900.0,93136.0
2024-01-02 10:50:00,23.9,23.9,23.9,23.9,300.0,7170.0
2024-01-02 10:51:00,23.92,23.92,23.92,23.92,500.0,11960.0
2024-01-02 10:52:00,23.92,23.92,23.92,23.92,2000.0,47840.0
2024-01-02 10:53:00,23.91,23.91,23.91,23.91,600.0,14346.0
2024-01-02 10:54:00,23.9,23.9,23.9,23.9,2300.0,54970.0
2024-01-02 10:55:00,23.89,23.89,23.89,23.89,600.0,14334.0
2024-01-02 10:56:00,23.89,23.89,23.89,23.89,100.0,2389.0
2024-01-02 10:57:00,23.89,23.89,23.89,23.89,0.0,0.0
2024-01-02 10:58:00,23.9,23.9,23.88,23.88,2600.0,62107.0
2024-01-02 10:59:00,23.89,23.89,23.89,23.89,100.0,2389.0
2024-01-02 11:00:00,23.88,23.88,23.88,23.88,400.0,9552.0
2024-01-02 11:01:00,23.89,23.89,23.89,23.89,100.0,2389.0
2024-01-02 11:02:00,23.91,23.91,23.9,23.9,2200.0,52581.0
2024-01-02 11:03:00,23.92,23.95,23.92,23.95,14500.0,346745.0
2024-01-02 11:04:00,23.95,23.95,23.95,23.95,0.0,0.0
2024-01-02 11:05:00,23.93,23.93,23.93,23.93,100.0,2393.0
2024-01-02 11:06:00,23.93,23.93,23.93,23.93,0.0,0.0
2024-01-02 11:07:00,23.93,23.93,23.92,23.92,500.0,11963.0
2024-01-02 11:08:00,23.92,23.94,23.91,23.94,600.0,14354.0
2024-01-02 11:09:00,23.94,23.94,23.94,23.94,0.0,0.0
2024-01-02 11:10:00,23.91,23.91,23.91,23.91,100.0,2391.0
2024-01-02 11:11:00,23.91,23.91,23.91,23.91,200.0,4782.0
2024-01-02 11:12:00,23.92,23.93,23.92,23.93,300.0,7177.0
2024-01-02 11:13:00,23.93,23.93,23.93,23.93,200.0,4786.0
2024-01-02 11:14:00,23.92,23.92,23.91,23.91,1900.0,45434.0
2024-01-02 11:15:00,23.91,23.91,23.91,23.91,400.0,9564.0
2024-01-02 11:16:00,23.91,23.91,23.91,23.91,400.0,9564.0
2024-01-02 11:17:00,23.91,23.91,23.91,23.91,0.0,0.0
2024-01-02 11:18:00,23.92,23.92,23.92,23.92,1800.0,43056.0
2024-01-02 11:19:00,23.93,23.93,23.91,23.91,1900.0,45433.0
2024-01-02 11:20:00,23.91,23.91,23.91,23.91,0.0,0.0
2024-01-02 11:21:00,23.91,23.91,23.9,23.9,2800.0,66924.0
2024-01-02 11:22:00,23.9,23.9,23.9,23.9,400.0,9561.0
2024-01-02 11:23:00,23.9,23.9,23.9,23.9,1200.0,28680.0
2024-01-02 11:24:00,23.91,23.92,23.91,23.91,2000.0,47822.0
2024-01-02 11:25:00,23.9,23.9,23.9,23.9,300.0,7170.0
2024-01-02 11:26:00,23.9,23.9,23.9,23.9,0.0,0.0
2024-01-02 11:27:00,23.9,23.9,23.9,23.9,0.0,0.0
2024-01-02 11:28:00,23.91,23.91,23.91,23.91,800.0,19128.0
2024-01-02 11:29:00,23.91,23.93,23.91,23.91,400.0,9568.0
2024-01-02 11:30:00,23.91,23.93,23.91,23.93,200.0,4784.0
2024-01-02 13:01:00,23.93,23.93,23.91,23.92,2500.0,59799.0
2024-01-02 13:02:00,23.92,23.92,23.92,23.92,200.0,4784.0
2024-01-02 13:03:00,23.92,23.92,23.92,23.92,0.0,0.0
2024-01-02 13:04:00,23.92,23.92,23.92,23.92,0.0,0.0
2024-01-02 13:05:00,23.91,23.91,23.91,23.91,100.0,2391.0
2024-01-02 13:06:00,23.92,23.92,23.92,23.92,800.0,19136.0
2024-01-02 13:07:00,23.92,23.92,23.92,23.92,0.0,0.0
2024-01-02 13:08:00,23.92,23.92,23.92,23.92,0.0,0.0
2024-01-02 13:09:00,23.93,23.93,23.93,23.93,1400.0,33502.0
2024-01-02 13:10:00,23.93,23.93,23.93,23.93,0.0,0.0
2024-01-02 13:11:00,23.91,23.91,23.9,23.9,1800.0,43033.0
2024-01-02 13:12:00,23.9,23.93,23.9,23.93,1200.0,28701.0
2024-01-02 13:13:00,23.93,23.93,23.93,23.93,2000.0,47860.0
2024-01-02 13:14:00,23.93,23.93,23.93,23.93,300.0,7179.0
2024-01-02 13:15:00,23.93,23.93,23.91,23.91,3800.0,90876.0
2024-01-02 13:16:00,23.91,23.91,23.91,23.91,800.0,19128.0
2024-01-02 13:17:00,24.09,24.09,23.92,23.93,22400.0,537787.0
2024-01-02 13:18:00,24.0,24.0,23.94,23.94,200.0,4794.0
2024-01-02 13:19:00,23.94,23.94,23.94,23.94,0.0,0.0
2024-01-02 13:20:00,23.94,23.94,23.94,23.94,0.0,0.0
2024-01-02 13:21:00,23.97,23.97,23.97,23.97,100.0,2397.0
2024-01-02 13:22:00,23.95,23.95,23.94,23.94,2800.0,67037.0
2024-01-02 13:23:00,23.94,23.94,23.94,23.94,500.0,11970.0
2024-01-02 13:24:00,23.94,23.94,23.94,23.94,0.0,0.0
2024-01-02 13:25:00,23.92,23.92,23.92,23.92,200.0,4784.0
2024-01-02 13:26:00,23.92,23.93,23.92,23.93,2000.0,47843.0
2024-01-02 13:27:00,23.93,23.93,23.92,23.92,700.0,16747.0
2024-01-02 13:28:00,23.94,23.94,23.94,23.94,600.0,14360.0
2024-01-02 13:29:00,23.94,23.94,23.92,23.93,1300.0,31103.0
2024-01-02 13:30:00,23.93,23.93,23.93,23.93,300.0,7179.0
2024-01-02 13:31:00,23.91,23.91,23.91,23.91,2100.0,50211.0
2024-01-02 13:32:00,23.91,23.91,23.91,23.91,500.0,11955.0
2024-01-02 13:33:00,23.91,23.91,23.91,23.91,700.0,16737.0
2024-01-02 13:34:00,23.9,23.9,23.9,23.9,1300.0,31070.0
2024-01-02 13:35:00,23.9,23.9,23.9,23.9,1000.0,23900.0
2024-01-02 13:36:00,23.9,23.9,23.9,23.9,700.0,16730.0
2024-01-02 13:37:00,23.91,23.91,23.91,23.91,100.0,2391.0
2024-01-02 13:38:00,23.91,23.91,23.9,23.9,500.0,11954.0
2024-01-02 13:39:00,23.91,23.91,23.9,23.9,1900.0,45413.0
2024-01-02 13:40:00,23.91,23.91,23.91,23.91,600.0,14346.0
2024-01-02 13:41:00,23.9,23.9,23.9,23.9,300.0,7171.0
2024-01-02 13:42:00,23.91,23.91,23.91,23.91,2300.0,54993.0
2024-01-02 13:43:00,23.9,23.9,23.9,23.9,2100.0,50190.0
2024-01-02 13:44:00,23.9,23.91,23.9,23.91,2000.0,47803.0
2024-01-02 13:45:00,23.91,23.91,23.91,23.91,0.0,0.0
2024-01-02 13:46:00,23.9,23.9,23.9,23.9,1000.0,23900.0
2024-01-02 13:47:00,23.9,23.91,23.9,23.91,2000.0,47805.0
2024-01-02 13:48:00,23.91,23.91,23.91,23.91,0.0,0.0
2024-01-02 13:49:00,23.91,23.91,23.91,23.91,0.0,0.0
2024-01-02 13:50:00,23.91,23.91,23.91,23.91,0.0,0.0
2024-01-02 13:51:00,23.9,23.9,23.9,23.9,1900.0,45410.0
2024-01-02 13:52:00,23.9,23.9,23.9,23.9,0.0,0.0
2024-01-02 13:53:00,23.9,23.9,23.9,23.9,0.0,0.0
2024-01-02 13:54:00,23.9,23.9,23.9,23.9,0.0,0.0
2024-01-02 13:55:00,23.9,23.9,23.9,23.9,300.0,7170.0
2024-01-02 13:56:00,23.9,23.9,23.89,23.9,700.0,16728.0
2024-01-02 13:57:00,23.89,23.89,23.89,23.89,4200.0,100338.0
2024-01-02 13:58:00,23.89,23.89,23.89,23.89,1200.0,28668.0
2024-01-02 13:59:00,23.89,23.89,23.88,23.88,6700.0,160056.0
2024-01-02 14:00:00,23.88,23.88,23.88,23.88,500.0,11940.0
2024-01-02 14:01:00,23.89,23.89,23.89,23.89,100.0,2389.0
2024-01-02 14:02:00,23.88,23.89,23.88,23.89,200.0,4777.0
2024-01-02 14:03:00,23.89,23.89,23.86,23.86,6400.0,152829.0
2024-01-02 14:04:00,23.86,23.86,23.86,23.86,0.0,0.0
2024-01-02 14:05:00,23.86,23.86,23.85,23.85,5800.0,138375.0
2024-01-02 14:06:00,23.85,23.85,23.84,23.85,700.0,16692.0
2024-01-02 14:07:00,23.85,23.85,23.84,23.84,200.0,4769.0
2024-01-02 14:08:00,23.84,23.85,23.84,23.85,700.0,16689.0
2024-01-02 14:09:00,23.85,23.85,23.85,23.85,200.0,4770.0
2024-01-02 14:10:00,23.85,23.85,23.85,23.85,400.0,9540.0
2024-01-02 14:11:00,23.85,23.85,23.85,23.85,0.0,0.0
2024-01-02 14:12:00,23.85,23.85,23.85,23.85,1800.0,42930.0
2024-01-02 14:13:00,23.86,23.86,23.86,23.86,400.0,9544.0
2024-01-02 14:14:00,23.85,23.85,23.85,23.85,100.0,2385.0
2024-01-02 14:15:00,23.85,23.85,23.85,23.85,400.0,9540.0
2024-01-02 14:16:00,23.85,23.85,23.85,23.85,500.0,11925.0
2024-01-02 14:17:00,23.85,23.85,23.85,23.85,0.0,0.0
2024-01-02 14:18:00,23.85,23.85,23.85,23.85,100.0,2385.0
2024-01-02 14:19:00,23.85,23.85,23.85,23.85,0.0,0.0
2024-01-02 14:20:00,23.85,23.85,23.85,23.85,0.0,0.0
2024-01-02 14:21:00,23.85,23.85,23.85,23.85,300.0,7155.0
2024-01-02 14:22:00,23.86,23.86,23.86,23.86,100.0,2386.0
2024-01-02 14:23:00,23.86,23.86,23.86,23.86,0.0,0.0
2024-01-02 14:24:00,23.85,23.85,23.85,23.85,2200.0,52470.0
2024-01-02 14:25:00,23.84,23.84,23.84,23.84,8300.0,197928.0
2024-01-02 14:26:00,23.84,23.84,23.84,23.84,0.0,0.0
2024-01-02 14:27:00,23.84,23.84,23.83,23.83,3300.0,78652.0
2024-01-02 14:28:00,23.83,23.83,23.82,23.82,3300.0,78611.0
2024-01-02 14:29:00,23.82,23.82,23.82,23.82,100.0,2382.0
2024-01-02 14:30:00,23.81,23.81,23.81,23.81,2800.0,66668.0
2024-01-02 14:31:00,23.81,23.81,23.81,23.81,400.0,9524.0
2024-01-02 14:32:00,23.83,23.85,23.83,23.85,1900.0,45305.0
2024-01-02 14:33:00,23.85,23.85,23.85,23.85,0.0,0.0
2024-01-02 14:34:00,23.85,23.85,23.85,23.85,0.0,0.0
2024-01-02 14:35:00,23.81,23.81,23.81,23.81,6800.0,161926.0
2024-01-02 14:36:00,23.81,23.81,23.81,23.81,1800.0,42858.0
2024-01-02 14:37:00,23.84,23.84,23.8,23.8,71200.0,1694713.0
2024-01-02 14:38:00,23.83,23.83,23.83,23.83,400.0,9532.0
2024-01-02 14:39:00,23.83,23.83,23.61,23.8,31500.0,748426.0
2024-01-02 14:40:00,23.8,23.8,23.8,23.8,0.0,0.0
2024-01-02 14:41:00,23.75,23.78,23.75,23.78,1300.0,30890.0
2024-01-02 14:42:00,23.79,23.79,23.79,23.79,300.0,7137.0
2024-01-02 14:43:00,23.77,23.8,23.77,23.8,2700.0,64222.0
2024-01-02 14:44:00,23.79,23.79,23.79,23.79,3100.0,73749.0
2024-01-02 14:45:00,23.78,23.85,23.78,23.83,2300.0,54816.0
2024-01-02 14:46:00,23.83,23.84,23.83,23.83,3500.0,83406.0
2024-01-02 14:47:00,23.83,23.85,23.83,23.84,2300.0,54833.0
2024-01-02 14:48:00,23.84,23.85,23.84,23.85,1600.0,38156.0
2024-01-02 14:49:00,23.85,23.86,23.83,23.84,6200.0,147848.0
2024-01-02 14:50:00,23.84,23.84,23.84,23.84,200.0,4768.0
2024-01-02 14:51:00,23.84,23.86,23.84,23.86,2000.0,47702.0
2024-01-02 14:52:00,23.86,23.86,23.84,23.84,1100.0,26230.0
2024-01-02 14:53:00,23.86,23.86,23.84,23.86,3000.0,71553.0
2024-01-02 14:54:00,23.85,23.85,23.84,23.85,4300.0,102542.0
2024-01-02 14:55:00,23.84,23.84,23.83,23.84,3400.0,81047.0
2024-01-02 14:56:00,23.83,23.84,23.83,23.83,5400.0,128683.0
2024-01-02 14:57:00,23.83,23.86,23.83,23.85,5700.0,135907.0
2024-01-02 14:58:00,23.85,23.85,23.85,23.85,100.0,2385.0
2024-01-02 14:59:00,23.85,23.85,23.85,23.85,0.0,0.0
2024-01-02 15:00:00,23.85,23.85,23.85,23.85,18400.0,438840.0
2024-01-03 09:31:00,23.75,23.83,23.69,23.76,21000.0,498848.0
2024-01-03 09:32:00,23.83,23.9,23.83,23.9,12900.0,307610.0
2024-01-03 09:33:00,23.9,23.91,23.85,23.9,7500.0,179218.0
2024-01-03 09:34:00,23.9,23.94,23.89,23.89,3000.0,71722.0
2024-01-03 09:35:00,23.89,23.98,23.89,23.98,10200.0,244125.0
2024-01-03 09:36:00,23.98,23.99,23.92,23.99,16400.0,392998.0
2024-01-03 09:37:00,24.0,24.05,24.0,24.0,7700.0,184802.0
2024-01-03 09:38:00,23.99,24.06,23.99,24.03,5800.0,139422.0
2024-01-03 09:39:00,24.04,24.08,24.04,24.05,20500.0,493143.0
2024-01-03 09:40:00,24.04,24.04,23.95,23.97,115000.0,2764543.0
2024-01-03 09:41:00,24.02,24.02,23.97,23.97,1400.0,33583.0
2024-01-03 09:42:00,23.98,23.98,23.95,23.96,8000.0,191693.0
2024-01-03 09:43:00,24.0,24.0,23.96,23.96,700.0,16780.0
2024-01-03 09:44:00,23.99,23.99,23.97,23.98,5300.0,127096.0
2024-01-03 09:45:00,23.96,23.96,23.95,23.95,7000.0,167756.0
2024-01-03 09:46:00,23.92,23.95,23.92,23.94,3700.0,88603.0
2024-01-03 09:47:00,23.93,23.93,23.93,23.93,600.0,14358.0
2024-01-03 09:48:00,23.94,23.96,23.94,23.95,3500.0,83845.0
2024-01-03 09:49:00,23.94,23.94,23.94,23.94,300.0,7182.0
2024-01-03 09:50:00,23.93,23.96,23.93,23.96,6700.0,160449.0
2024-01-03 09:51:00,23.96,23.99,23.95,23.96,1400.0,33554.0
2024-01-03 09:52:00,23.97,23.99,23.97,23.99,700.0,16785.0
2024-01-03 09:53:00,23.98,23.98,23.96,23.96,6300.0,151063.0
2024-01-03 09:54:00,23.96,23.97,23.96,23.97,700.0,16776.0
2024-01-03 09:55:00,23.98,23.99,23.97,23.99,800.0,19185.0
2024-01-03 09:56:00,23.99,24.0,23.99,24.0,6200.0,148765.0
2024-01-03 09:57:00,23.99,23.99,23.96,23.98,4600.0,110324.0
2024-01-03 09:58:00,23.97,23.99,23.97,23.99,5500.0,131923.0
2024-01-03 09:59:00,23.97,23.97,23.96,23.96,300.0,7189.0
2024-01-03 10:00:00,23.98,23.98,23.94,23.98,2300.0,55150.0
2024-01-03 10:01:00,23.99,23.99,23.94,23.95,1000.0,23955.0
2024-01-03 10:02:00,23.95,23.99,23.95,23.95,3100.0,74301.0
2024-01-03 10:03:00,24.0,24.0,23.95,23.95,700.0,16778.0
2024-01-03 10:04:00,23.93,23.95,23.93,23.95,3400.0,81402.0
2024-01-03 10:05:00,23.94,23.98,23.94,23.95,1100.0,26356.0
2024-01-03 10:06:00,23.95,23.96,23.95,23.96,1400.0,33535.0
2024-01-03 10:07:00,23.94,23.94,23.93,23.93,2700.0,64621.0
2024-01-03 10:08:00,23.92,23.98,23.92,23.98,1500.0,35909.0
2024-01-03 10:09:00,23.99,23.99,23.96,23.99,1200.0,28785.0
2024-01-03 10:10:00,23.96,23.96,23.93,23.93,1700.0,40712.0
2024-01-03 10:11:00,23.93,23.93,23.92,23.92,9700.0,232057.0
2024-01-03 10:12:00,23.95,23.95,23.95,23.95,400.0,9580.0
2024-01-03 10:13:00,23.95,23.95,23.91,23.93,4700.0,112443.0
2024-01-03 10:14:00,23.92,23.92,23.92,23.92,400.0,9569.0
2024-01-03 10:15:00,23.92,23.93,23.92,23.93,300.0,7177.0
2024-01-03 10:16:00,23.92,23.94,23.92,23.94,1900.0,45467.0
2024-01-03 10:17:00,23.95,23.95,23.92,23.92,1600.0,38293.0
2024-01-03 10:18:00,23.93,23.93,23.91,23.91,2600.0,62179.0
2024-01-03 10:19:00,23.91,23.92,23.91,23.92,2100.0,50212.0
2024-01-03 10:20:00,23.92,23.92,23.92,23.92,100.0,2392.0
2024-01-03 10:21:00,23.91,23.93,23.91,23.93,1300.0,31100.0
2024-01-03 10:22:00,23.93,23.93,23.91,23.93,1200.0,28710.0
2024-01-03 10:23:00,23.93,23.94,23.93,23.94,4000.0,95726.0
2024-01-03 10:24:00,23.93,23.93,23.93,23.93,1000.0,23930.0
2024-01-03 10:25:00,23.95,23.95,23.92,23.92,900.0,21537.0
2024-01-03 10:26:00,23.91,23.93,23.91,23.91,3700.0,88486.0
2024-01-03 10:27:00,23.9,23.93,23.9,23.93,400.0,9568.0
2024-01-03 10:28:00,23.96,23.99,23.94,23.99,8200.0,196505.0
2024-01-03 10:29:00,23.99,23.99,23.99,23.99,14700.0,352653.0
2024-01-03 10:30:00,23.91,23.99,23.9,23.9,4600.0,109979.0
2024-01-03 10:31:00,23.93,23.94,23.93,23.94,2100.0,50259.0
2024-01-03 10:32:00,23.92,23.94,23.92,23.94,500.0,11966.0
2024-01-03 10:33:00,23.94,23.95,23.92,23.92,3600.0,86182.0
2024-01-03 10:34:00,23.94,23.94,23.93,23.94,1200.0,28726.0
2024-01-03 10:35:00,23.98,23.98,23.98,23.98,100.0,2398.0
2024-01-03 10:36:00,23.97,23.97,23.96,23.96,700.0,16774.0
2024-01-03 10:37:00,23.96,23.96,23.96,23.96,400.0,9585.0
2024-01-03 10:38:00,23.95,23.96,23.95,23.96,4300.0,103006.0
2024-01-03 10:39:00,23.96,23.96,23.96,23.96,0.0,0.0
2024-01-03 10:40:00,23.95,23.99,23.95,23.99,4000.0,95870.0
2024-01-03 10:41:00,23.97,23.98,23.96,23.98,500.0,11986.0
2024-01-03 10:42:00,23.97,23.97,23.97,23.97,1900.0,45543.0
2024-01-03 10:43:00,23.97,23.97,23.97,23.97,200.0,4794.0
2024-01-03 10:44:00,23.97,23.97,23.96,23.96,5900.0,141407.0
2024-01-03 10:45:00,23.96,23.97,23.96,23.97,2800.0,67115.0
2024-01-03 10:46:00,23.97,23.98,23.97,23.98,12400.0,297269.0
2024-01-03 10:47:00,23.98,23.98,23.98,23.98,600.0,14388.0
2024-01-03 10:48:00,23.98,23.99,23.98,23.99,300.0,7196.0
2024-01-03 10:49:00,23.99,23.99,23.99,23.99,0.0,0.0
2024-01-03 10:50:00,23.99,24.02,23.99,24.01,8800.0,211209.0
2024-01-03 10:51:00,24.01,24.01,23.61,23.94,74000.0,1759904.0
2024-01-03 10:52:00,23.92,23.93,23.92,23.93,200.0,4785.0
2024-01-03 10:53:00,23.93,23.93,23.93,23.93,600.0,14358.0
2024-01-03 10:54:00,23.93,23.93,23.93,23.93,100.0,2393.0
2024-01-03 10:55:00,23.98,23.98,23.98,23.98,200.0,4796.0
2024-01-03 10:56:00,23.98,24.0,23.98,24.0,5300.0,127196.0
2024-01-03 10:57:00,24.0,24.0,23.95,23.95,1500.0,35975.0
2024-01-03 10:58:00,23.95,23.95,23.95,23.95,0.0,0.0
2024-01-03 10:59:00,23.94,23.94,23.94,23.94,400.0,9576.0
2024-01-03 11:00:00,23.92,23.92,23.92,23.92,600.0,14359.0
2024-01-03 11:01:00,23.91,23.91,23.91,23.91,100.0,2391.0
2024-01-03 11:02:00,23.94,23.94,23.94,23.94,200.0,4788.0
2024-01-03 11:03:00,23.97,23.97,23.97,23.97,300.0,7189.0
2024-01-03 11:04:00,23.97,23.97,23.97,23.97,0.0,0.0
2024-01-03 11:05:00,23.95,23.97,23.95,23.97,500.0,11980.0
2024-01-03 11:06:00,23.97,23.97,23.94,23.94,900.0,21556.0
2024-01-03 11:07:00,23.94,23.94,23.91,23.91,1000.0,23922.0
2024-01-03 11:08:00,23.91,23.91,23.91,23.91,0.0,0.0
2024-01-03 11:09:00,23.91,23.91,23.91,23.91,500.0,11955.0
2024-01-03 11:10:00,23.91,23.91,23.91,23.91,800.0,19128.0
2024-01-03 11:11:00,23.92,23.92,23.92,23.92,200.0,4784.0
2024-01-03 11:12:00,23.91,23.91,23.91,23.91,300.0,7173.0
2024-01-03 11:13:00,23.91,23.91,23.91,23.91,0.0,0.0
2024-01-03 11:14:00,23.91,23.91,23.91,23.91,1000.0,23910.0
2024-01-03 11:15:00,23.9,23.91,23.9,23.91,500.0,11951.0
2024-01-03 11:16:00,23.91,23.91,23.91,23.91,100.0,2391.0
2024-01-03 11:17:00,23.9,23.9,23.9,23.9,2500.0,59750.0
2024-01-03 11:18:00,23.88,23.88,23.88,23.88,400.0,9552.0
2024-01-03 11:19:00,23.83,23.86,23.83,23.86,400.0,9538.0
2024-01-03 11:20:00,23.86,23.88,23.86,23.87,1600.0,38192.0
2024-01-03 11:21:00,23.87,23.88,23.87,23.88,1500.0,35819.0
2024-01-03 11:22:00,23.88,23.88,23.88,23.88,0.0,0.0
2024-01-03 11:23:00,23.87,23.87,23.84,23.84,3000.0,71588.0
2024-01-03 11:24:00,23.84,23.84,23.83,23.83,3000.0,71500.0
2024-01-03 11:25:00,23.79,23.83,23.79,23.79,900.0,21433.0
2024-01-03 11:26:00,23.79,23.79,23.79,23.79,100.0,2379.0
2024-01-03 11:27:00,23.8,23.82,23.8,23.82,400.0,9526.0
2024-01-03 11:28:00,23.8,23.82,23.75,23.82,4700.0,111809.0
2024-01-03 11:29:00,23.79,23.79,23.78,23.78,300.0,7136.0
2024-01-03 11:30:00,23.75,23.75,23.75,23.75,300.0,7125.0
2024-01-03 13:01:00,23.75,23.75,23.75,23.75,1400.0,33250.0
2024-01-03 13:02:00,23.75,23.75,23.75,23.75,300.0,7125.0
2024-01-03 13:03:00,23.75,23.75,23.75,23.75,0.0,0.0
2024-01-03 13:04:00,23.73,23.74,23.73,23.74,1300.0,30859.0
2024-01-03 13:05:00,23.74,23.74,23.74,23.74,400.0,9496.0
2024-01-03 13:06:00,23.74,23.74,23.73,23.73,400.0,9494.0
2024-01-03 13:07:00,23.74,23.75,23.74,23.75,1000.0,23746.0
2024-01-03 13:08:00,23.74,23.75,23.74,23.75,600.0,14249.0
2024-01-03 13:09:00,23.75,23.75,23.74,23.74,3100.0,73633.0
2024-01-03 13:10:00,23.75,23.77,23.75,23.77,5300.0,125887.0
2024-01-03 13:11:00,23.75,23.77,23.74,23.77,6200.0,147260.0
2024-01-03 13:12:00,23.77,23.78,23.77,23.78,300.0,7133.0
2024-01-03 13:13:00,23.76,23.76,23.76,23.76,200.0,4752.0
2024-01-03 13:14:00,23.74,23.74,23.74,23.74,3000.0,71220.0
2024-01-03 13:15:00,23.73,23.74,23.73,23.73,1400.0,33224.0
2024-01-03 13:16:00,23.72,23.74,23.72,23.74,3400.0,80710.0
2024-01-03 13:17:00,23.73,23.73,23.73,23.73,3300.0,78309.0
2024-01-03 13:18:00,23.75,23.76,23.75,23.76,900.0,21382.0
2024-01-03 13:19:00,23.76,23.76,23.76,23.76,0.0,0.0
2024-01-03 13:20:00,23.74,23.74,23.74,23.74,700.0,16622.0
2024-01-03 13:21:00,23.73,23.74,23.73,23.74,800.0,18989.0
2024-01-03 13:22:00,23.74,23.74,23.74,23.74,800.0,18992.0
2024-01-03 13:23:00,23.74,23.74,23.72,23.72,3200.0,75955.0
2024-01-03 13:24:00,23.72,23.72,23.71,23.71,2800.0,66414.0
2024-01-03 13:25:00,23.71,23.71,23.71,23.71,4600.0,109066.0
2024-01-03 13:26:00,23.71,23.71,23.71,23.71,500.0,11855.0
2024-01-03 13:27:00,23.7,23.7,23.7,23.7,100.0,2370.0
2024-01-03 13:28:00,23.7,23.7,23.7,23.7,2200.0,52140.0
2024-01-03 13:29:00,23.68,23.68,23.67,23.67,1500.0,35513.0
2024-01-03 13:30:00,23.66,23.68,23.66,23.68,3200.0,75773.0
2024-01-03 13:31:00,23.68,23.68,23.68,23.68,0.0,0.0
2024-01-03 13:32:00,23.68,23.69,23.68,23.69,1400.0,33159.0
2024-01-03 13:33:00,23.69,23.7,23.69,23.69,3400.0,80577.0
2024-01-03 13:34:00,23.69,23.71,23.68,23.71,18300.0,433529.0
2024-01-03 13:35:00,23.71,23.71,23.71,23.71,0.0,0.0
2024-01-03 13:36:00,23.69,23.69,23.69,23.69,3200.0,75812.0
2024-01-03 13:37:00,23.71,23.73,23.71,23.73,4500.0,106739.0
2024-01-03 13:38:00,23.73,23.73,23.73,23.73,0.0,0.0
2024-01-03 13:39:00,23.74,23.74,23.73,23.73,300.0,7120.0
2024-01-03 13:40:00,23.73,23.73,23.72,23.72,1600.0,37957.0
2024-01-03 13:41:00,23.71,23.71,23.71,23.71,300.0,7113.0
2024-01-03 13:42:00,23.71,23.71,23.71,23.71,1600.0,37936.0
2024-01-03 13:43:00,23.7,23.71,23.7,23.7,2500.0,59256.0
2024-01-03 13:44:00,23.69,23.69,23.69,23.69,1100.0,26059.0
2024-01-03 13:45:00,23.69,23.69,23.69,23.69,500.0,11845.0
2024-01-03 13:46:00,23.7,23.7,23.7,23.7,600.0,14220.0
2024-01-03 13:47:00,23.7,23.7,23.69,23.7,2500.0,59249.0
2024-01-03 13:48:00,23.7,23.7,23.7,23.7,0.0,0.0
2024-01-03 13:49:00,23.73,23.73,23.73,23.73,100.0,2373.0
2024-01-03 13:50:00,23.73,23.73,23.73,23.73,0.0,0.0
2024-01-03 13:51:00,23.71,23.71,23.7,23.7,600.0,14225.0
2024-01-03 13:52:00,23.72,23.72,23.72,23.72,400.0,9485.0
2024-01-03 13:53:00,23.71,23.71,23.7,23.71,3200.0,75868.0
2024-01-03 13:54:00,23.71,23.71,23.71,23.71,100.0,2371.0
2024-01-03 13:55:00,23.7,23.71,23.7,23.7,3400.0,80582.0
2024-01-03 13:56:00,23.7,23.7,23.7,23.7,200.0,4740.0
2024-01-03 13:57:00,23.71,23.71,23.71,23.71,4400.0,104324.0
2024-01-03 13:58:00,23.71,23.71,23.71,23.71,1000.0,23710.0
2024-01-03 13:59:00,23.71,23.71,23.71,23.71,200.0,4742.0
2024-01-03 14:00:00,23.7,23.7,23.69,23.69,1900.0,45012.0
2024-01-03 14:01:00,23.69,23.69,23.69,23.69,0.0,0.0
2024-01-03 14:02:00,23.71,23.71,23.71,23.71,1000.0,23703.0
2024-01-03 14:03:00,23.71,23.71,23.71,23.71,0.0,0.0
2024-01-03 14:04:00,23.7,23.7,23.7,23.7,100.0,2370.0
2024-01-03 14:05:00,23.69,23.74,23.69,23.74,9000.0,213368.0
2024-01-03 14:06:00,23.73,23.73,23.73,23.73,100.0,2373.0
2024-01-03 14:07:00,23.73,23.74,23.73,23.74,1600.0,37971.0
2024-01-03 14:08:00,23.74,23.74,23.74,23.74,0.0,0.0
2024-01-03 14:09:00,23.75,23.75,23.75,23.75,500.0,11875.0
2024-01-03 14:10:00,23.76,23.76,23.76,23.76,500.0,11880.0
2024-01-03 14:11:00,23.76,23.76,23.76,23.76,0.0,0.0
2024-01-03 14:12:00,23.79,23.79,23.78,23.79,700.0,16648.0
2024-01-03 14:13:00,23.79,23.79,23.79,23.79,100.0,2379.0
2024-01-03 14:14:00,23.76,23.76,23.76,23.76,400.0,9506.0
2024-01-03 14:15:00,23.75,23.76,23.75,23.76,800.0,19007.0
2024-01-03 14:16:00,23.76,23.76,23.76,23.76,0.0,0.0
2024-01-03 14:17:00,23.74,23.78,23.74,23.78,8800.0,209017.0
2024-01-03 14:18:00,23.78,23.78,23.78,23.78,0.0,0.0
2024-01-03 14:19:00,23.78,23.78,23.78,23.78,0.0,0.0
2024-01-03 14:20:00,23.77,23.81,23.77,23.81,2300.0,54697.0
2024-01-03 14:21:00,23.81,23.81,23.81,23.81,100.0,2381.0
2024-01-03 14:22:00,23.81,23.81,23.81,23.81,0.0,0.0
2024-01-03 14:23:00,23.81,23.81,23.8,23.81,3800.0,90463.0
2024-01-03 14:24:00,23.8,23.8,23.8,23.8,1400.0,33320.0
2024-01-03 14:25:00,23.77,23.77,23.77,23.77,200.0,4755.0
2024-01-03 14:26:00,23.78,23.8,23.78,23.8,700.0,16654.0
2024-01-03 14:27:00,23.8,23.8,23.8,23.8,900.0,21420.0
2024-01-03 14:28:00,23.8,23.8,23.79,23.79,2100.0,49970.0
2024-01-03 14:29:00,23.78,23.79,23.77,23.79,1600.0,38040.0
2024-01-03 14:30:00,23.77,23.77,23.77,23.77,900.0,21393.0
2024-01-03 14:31:00,23.79,23.8,23.77,23.78,2700.0,64221.0
2024-01-03 14:32:00,23.8,23.8,23.78,23.78,500.0,11892.0
2024-01-03 14:33:00,23.8,23.81,23.78,23.78,1000.0,23793.0
2024-01-03 14:34:00,23.78,23.78,23.78,23.78,200.0,4756.0
2024-01-03 14:35:00,23.77,23.78,23.76,23.78,3600.0,85589.0
2024-01-03 14:36:00,23.78,23.79,23.78,23.79,2400.0,57078.0
2024-01-03 14:37:00,23.78,23.8,23.77,23.8,4000.0,95100.0
2024-01-03 14:38:00,23.79,23.8,23.79,23.8,200.0,4759.0
2024-01-03 14:39:00,23.78,23.78,23.78,23.78,2500.0,59450.0
2024-01-03 14:40:00,23.78,23.78,23.77,23.77,1700.0,40414.0
2024-01-03 14:41:00,23.78,23.78,23.78,23.78,1800.0,42804.0
2024-01-03 14:42:00,23.78,23.79,23.78,23.79,900.0,21410.0
2024-01-03 14:43:00,23.79,23.8,23.78,23.78,1700.0,40436.0
2024-01-03 14:44:00,23.77,23.77,23.77,23.77,1800.0,42787.0
2024-01-03 14:45:00,23.77,23.8,23.77,23.8,1900.0,45166.0
2024-01-03 14:46:00,23.77,23.77,23.77,23.77,1200.0,28524.0
2024-01-03 14:47:00,23.79,23.8,23.77,23.79,5600.0,133128.0
2024-01-03 14:48:00,23.77,23.78,23.77,23.78,1300.0,30914.0
2024-01-03 14:49:00,23.79,23.8,23.77,23.79,5400.0,128481.0
2024-01-03 14:50:00,23.79,23.79,23.79,23.79,100.0,2379.0
2024-01-03 14:51:00,23.79,23.8,23.79,23.8,1600.0,38073.0
2024-01-03 14:52:00,23.8,23.82,23.79,23.79,2000.0,47598.0
2024-01-03 14:53:00,23.82,23.82,23.82,23.82,100.0,2382.0
2024-01-03 14:54:00,23.82,23.82,23.79,23.79,900.0,21427.0
2024-01-03 14:55:00,23.82,23.82,23.79,23.81,400.0,9524.0
2024-01-03 14:56:00,23.81,23.82,23.81,23.82,4900.0,116675.0
2024-01-03 14:57:00,23.81,23.83,23.81,23.83,5300.0,126259.0
2024-01-03 14:58:00,23.83,23.83,23.83,23.83,0.0,0.0
2024-01-03 14:59:00,23.83,23.83,23.83,23.83,0.0,0.0
2024-01-03 15:00:00,23.83,23.83,23.83,23.83,16700.0,397961.0
2024-01-04 09:31:00,23.88,23.88,23.6,23.72,30200.0,714930.0
2024-01-04 09:32:00,23.72,23.82,23.67,23.72,3200.0,75973.0
2024-01-04 09:33:00,23.82,23.82,23.82,23.82,500.0,11910.0
2024-01-04 09:34:00,23.8,23.8,23.73,23.74,3200.0,75984.0
2024-01-04 09:35:00,23.72,23.78,23.68,23.69,6300.0,149503.0
2024-01-04 09:36:00,23.7,23.7,23.68,23.68,4000.0,94754.0
2024-01-04 09:37:00,23.65,23.72,23.65,23.72,21200.0,502509.0
2024-01-04 09:38:00,23.7,23.77,23.69,23.7,15000.0,355438.0
2024-01-04 09:39:00,23.66,23.96,23.66,23.76,27100.0,646344.0
2024-01-04 09:40:00,23.76,23.76,23.7,23.74,4900.0,116260.0
2024-01-04 09:41:00,23.74,23.8,23.73,23.73,4200.0,99758.0
2024-01-04 09:42:00,23.78,23.78,23.78,23.78,900.0,21402.0
2024-01-04 09:43:00,23.71,23.71,23.71,23.71,3100.0,73501.0
2024-01-04 09:44:00,23.71,23.71,23.7,23.7,800.0,18967.0
2024-01-04 09:45:00,23.7,23.78,23.7,23.78,6400.0,151705.0
2024-01-04 09:46:00,23.74,23.74,23.73,23.73,300.0,7120.0
2024-01-04 09:47:00,23.7,23.73,23.7,23.73,1800.0,42672.0
2024-01-04 09:48:00,23.73,23.73,23.73,23.73,0.0,0.0
2024-01-04 09:49:00,23.73,23.76,23.73,23.76,5500.0,130590.0
2024-01-04 09:50:00,23.75,23.75,23.74,23.75,1400.0,33243.0
2024-01-04 09:51:00,23.76,23.79,23.76,23.79,2000.0,47552.0
2024-01-04 09:52:00,23.79,23.81,23.79,23.81,4800.0,114256.0
2024-01-04 09:53:00,23.8,23.82,23.8,23.81,5100.0,121464.0
2024-01-04 09:54:00,23.82,23.83,23.81,23.81,1500.0,35733.0
2024-01-04 09:55:00,23.81,23.81,23.78,23.79,1000.0,23779.0
2024-01-04 09:56:00,23.81,23.81,23.81,23.81,1200.0,28562.0
2024-01-04 09:57:00,23.8,23.8,23.76,23.8,1200.0,28534.0
2024-01-04 09:58:00,23.8,23.8,23.8,23.8,0.0,0.0
2024-01-04 09:59:00,23.8,23.8,23.8,23.8,100.0,2380.0
2024-01-04 10:00:00,23.8,23.82,23.79,23.82,3500.0,83323.0
2024-01-04 10:01:00,23.82,23.82,23.75,23.77,2900.0,68976.0
2024-01-04 10:02:00,23.77,23.81,23.77,23.81,1300.0,30921.0
2024-01-04 10:03:00,23.79,23.79,23.79,23.79,1400.0,33306.0
2024-01-04 10:04:00,23.79,23.79,23.79,23.79,200.0,4758.0
2024-01-04 10:05:00,23.8,23.8,23.8,23.8,1500.0,35686.0
2024-01-04 10:06:00,23.81,23.81,23.79,23.79,500.0,11903.0
2024-01-04 10:07:00,23.79,23.79,23.79,23.79,0.0,0.0
2024-01-04 10:08:00,23.79,23.79,23.76,23.77,900.0,21391.0
2024-01-04 10:09:00,23.79,23.79,23.79,23.79,400.0,9516.0
2024-01-04 10:10:00,23.79,23.79,23.79,23.79,0.0,0.0
2024-01-04 10:11:00,23.78,23.79,23.74,23.74,3800.0,90354.0
2024-01-04 10:12:00,23.79,23.79,23.79,23.79,300.0,7137.0
2024-01-04 10:13:00,23.76,23.79,23.76,23.79,2800.0,66528.0
2024-01-04 10:14:00,23.79,23.79,23.79,23.79,1000.0,23790.0
2024-01-04 10:15:00,23.81,23.81,23.76,23.76,300.0,7138.0
2024-01-04 10:16:00,23.76,23.8,23.75,23.8,2000.0,47554.0
2024-01-04 10:17:00,23.8,23.8,23.8,23.8,300.0,7140.0
2024-01-04 10:18:00,23.79,23.79,23.79,23.79,200.0,4758.0
2024-01-04 10:19:00,23.75,23.84,23.75,23.84,7600.0,181064.0
2024-01-04 10:20:00,23.82,23.84,23.82,23.84,600.0,14302.0
2024-01-04 10:21:00,23.84,23.84,23.83,23.83,4500.0,107262.0
2024-01-04 10:22:00,23.8,23.8,23.8,23.8,700.0,16660.0
2024-01-04 10:23:00,23.81,23.81,23.81,23.81,500.0,11905.0
2024-01-04 10:24:00,23.81,23.81,23.81,23.81,600.0,14286.0
2024-01-04 10:25:00,23.83,23.84,23.83,23.84,600.0,14300.0
2024-01-04 10:26:00,23.84,23.85,23.83,23.85,5800.0,138276.0
2024-01-04 10:27:00,23.87,23.87,23.83,23.83,800.0,19084.0
2024-01-04 10:28:00,23.86,23.87,23.85,23.86,3300.0,78727.0
2024-01-04 10:29:00,23.86,23.86,23.86,23.86,0.0,0.0
2024-01-04 10:30:00,23.8,23.84,23.8,23.84,800.0,19068.0
2024-01-04 10:31:00,23.81,23.81,23.81,23.81,200.0,4762.0
2024-01-04 10:32:00,23.82,23.82,23.81,23.81,1400.0,33327.0
2024-01-04 10:33:00,23.83,23.83,23.81,23.81,700.0,16673.0
2024-01-04 10:34:00,23.82,23.82,23.8,23.81,600.0,14286.0
2024-01-04 10:35:00,23.8,23.81,23.8,23.8,1000.0,23803.0
2024-01-04 10:36:00,23.81,23.81,23.8,23.8,500.0,11901.0
2024-01-04 10:37:00,23.79,23.79,23.79,23.79,500.0,11895.0
2024-01-04 10:38:00,23.79,23.82,23.79,23.8,2400.0,57119.0
2024-01-04 10:39:00,23.8,23.8,23.8,23.8,200.0,4760.0
2024-01-04 10:40:00,23.78,23.78,23.76,23.76,3800.0,90346.0
2024-01-04 10:41:00,23.75,23.76,23.75,23.76,2500.0,59395.0
2024-01-04 10:42:00,23.78,23.81,23.78,23.81,400.0,9518.0
2024-01-04 10:43:00,23.81,23.81,23.81,23.81,0.0,0.0
2024-01-04 10:44:00,23.81,23.81,23.81,23.81,0.0,0.0
2024-01-04 10:45:00,23.77,23.78,23.77,23.78,900.0,21395.0
2024-01-04 10:46:00,23.77,23.77,23.74,23.74,2700.0,64161.0
2024-01-04 10:47:00,23.78,23.78,23.78,23.78,1200.0,28536.0
2024-01-04 10:48:00,23.79,23.79,23.79,23.79,200.0,4758.0
2024-01-04 10:49:00,23.81,23.82,23.81,23.82,4900.0,116670.0
2024-01-04 10:50:00,23.82,23.82,23.82,23.82,700.0,16674.0
2024-01-04 10:51:00,23.82,23.83,23.82,23.83,700.0,16675.0
2024-01-04 10:52:00,23.83,23.83,23.78,23.78,4300.0,102371.0
2024-01-04 10:53:00,23.78,23.82,23.78,23.82,3500.0,83341.0
2024-01-04 10:54:00,23.82,23.82,23.82,23.82,0.0,0.0
2024-01-04 10:55:00,23.79,23.79,23.79,23.79,100.0,2379.0
2024-01-04 10:56:00,23.83,23.84,23.82,23.83,2400.0,57194.0
2024-01-04 10:57:00,23.83,23.83,23.82,23.82,900.0,21443.0
2024-01-04 10:58:00,23.82,23.82,23.82,23.82,0.0,0.0
2024-01-04 10:59:00,23.82,23.82,23.82,23.82,100.0,2382.0
2024-01-04 11:00:00,23.8,23.8,23.79,23.79,900.0,21416.0
2024-01-04 11:01:00,23.8,23.8,23.8,23.8,2600.0,61880.0
2024-01-04 11:02:00,23.8,23.8,23.8,23.8,0.0,0.0
2024-01-04 11:03:00,23.82,23.82,23.82,23.82,1200.0,28584.0
2024-01-04 11:04:00,23.82,23.82,23.82,23.82,0.0,0.0
2024-01-04 11:05:00,23.83,23.84,23.83,23.84,4200.0,100097.0
2024-01-04 11:06:00,23.84,23.84,23.83,23.83,900.0,21455.0
2024-01-04 11:07:00,23.83,23.84,23.83,23.84,600.0,14299.0
2024-01-04 11:08:00,23.84,23.84,23.84,23.84,100.0,2384.0
2024-01-04 11:09:00,23.84,23.86,23.83,23.86,500.0,11919.0
2024-01-04 11:10:00,23.83,23.83,23.79,23.79,1700.0,40486.0
2024-01-04 11:11:00,23.79,23.79,23.79,23.79,0.0,0.0
2024-01-04 11:12:00,23.79,23.79,23.79,23.79,0.0,0.0
2024-01-04 11:13:00,23.81,23.83,23.81,23.83,200.0,4764.0
2024-01-04 11:14:00,23.85,23.85,23.8,23.8,3700.0,88200.0
2024-01-04 11:15:00,23.8,23.8,23.8,23.8,0.0,0.0
2024-01-04 11:16:00,23.8,23.8,23.8,23.8,0.0,0.0
2024-01-04 11:17:00,23.8,23.8,23.8,23.8,0.0,0.0
2024-01-04 11:18:00,23.8,23.8,23.8,23.8,0.0,0.0
2024-01-04 11:19:00,23.8,23.8,23.8,23.8,0.0,0.0
2024-01-04 11:20:00,23.81,23.81,23.8,23.81,1700.0,40472.0
2024-01-04 11:21:00,23.82,23.82,23.82,23.82,600.0,14292.0
2024-01-04 11:22:00,23.82,23.82,23.82,23.82,100.0,2382.0
2024-01-04 11:23:00,23.82,23.82,23.82,23.82,0.0,0.0
2024-01-04 11:24:00,23.81,23.82,23.81,23.82,1000.0,23811.0
2024-01-04 11:25:00,23.79,23.79,23.79,23.79,6400.0,152269.0
2024-01-04 11:26:00,23.78,23.79,23.78,23.78,1300.0,30924.0
2024-01-04 11:27:00,23.78,23.78,23.78,23.78,2200.0,52316.0
2024-01-04 11:28:00,23.78,23.79,23.78,23.78,1700.0,40436.0
2024-01-04 11:29:00,23.78,23.78,23.78,23.78,200.0,4756.0
2024-01-04 11:30:00,23.78,23.78,23.78,23.78,100.0,2378.0
2024-01-04 13:01:00,23.78,23.78,23.76,23.76,1100.0,26155.0
2024-01-04 13:02:00,23.76,23.76,23.76,23.76,0.0,0.0
2024-01-04 13:03:00,23.77,23.77,23.77,23.77,300.0,7131.0
2024-01-04 13:04:00,23.76,23.77,23.76,23.77,300.0,7130.0
2024-01-04 13:05:00,23.77,23.77,23.76,23.76,1100.0,26138.0
2024-01-04 13:06:00,23.76,23.76,23.76,23.76,0.0,0.0
2024-01-04 13:07:00,23.77,23.78,23.77,23.78,2700.0,64199.0
2024-01-04 13:08:00,23.77,23.77,23.77,23.77,700.0,16641.0
2024-01-04 13:09:00,23.77,23.77,23.76,23.76,800.0,19015.0
2024-01-04 13:10:00,23.76,23.76,23.76,23.76,500.0,11880.0
2024-01-04 13:11:00,23.75,23.75,23.75,23.75,200.0,4750.0
2024-01-04 13:12:00,23.75,23.75,23.75,23.75,400.0,9500.0
2024-01-04 13:13:00,23.74,23.74,23.74,23.74,100.0,2374.0
2024-01-04 13:14:00,23.74,23.74,23.74,23.74,0.0,0.0
2024-01-04 13:15:00,23.74,23.77,23.74,23.77,1100.0,26144.0
2024-01-04 13:16:00,23.77,23.77,23.76,23.76,1000.0,23769.0
2024-01-04 13:17:00,23.76,23.76,23.75,23.75,600.0,14253.0
2024-01-04 13:18:00,23.76,23.76,23.76,23.76,100.0,1711.0
2024-01-04 13:19:00,23.8,23.8,23.8,23.8,900.0,21420.0
2024-01-04 13:20:00,23.78,23.79,23.78,23.79,800.0,19025.0
2024-01-04 13:21:00,23.79,23.81,23.79,23.81,2200.0,52368.0
2024-01-04 13:22:00,23.81,23.81,23.8,23.8,2400.0,57142.0
2024-01-04 13:23:00,23.8,23.8,23.8,23.8,0.0,0.0
2024-01-04 13:24:00,23.8,23.8,23.78,23.78,1000.0,23793.0
2024-01-04 13:25:00,23.75,23.75,23.75,23.75,2300.0,55306.0
2024-01-04 13:26:00,23.75,23.75,23.75,23.75,0.0,0.0
2024-01-04 13:27:00,23.77,23.77,23.76,23.77,4300.0,102202.0
2024-01-04 13:28:00,23.76,23.81,23.76,23.81,2900.0,69034.0
2024-01-04 13:29:00,23.81,23.81,23.81,23.81,0.0,0.0
2024-01-04 13:30:00,23.76,23.76,23.76,23.76,100.0,2376.0
2024-01-04 13:31:00,23.76,23.76,23.76,23.76,400.0,9504.0
2024-01-04 13:32:00,23.77,23.77,23.77,23.77,200.0,4754.0
2024-01-04 13:33:00,23.77,23.77,23.74,23.74,4700.0,111656.0
2024-01-04 13:34:00,23.74,23.74,23.74,23.74,400.0,9496.0
2024-01-04 13:35:00,23.76,23.76,23.76,23.76,200.0,4752.0
2024-01-04 13:36:00,23.74,23.75,23.74,23.75,900.0,21374.0
2024-01-04 13:37:00,23.75,23.75,23.74,23.74,2100.0,49857.0
2024-01-04 13:38:00,23.74,23.74,23.73,23.73,1100.0,26106.0
2024-01-04 13:39:00,23.73,23.73,23.73,23.73,1000.0,23730.0
2024-01-04 13:40:00,23.72,23.72,23.72,23.72,19100.0,451775.0
2024-01-04 13:41:00,23.7,23.7,23.7,23.7,800.0,18974.0
2024-01-04 13:42:00,23.69,23.69,23.69,23.69,1000.0,23690.0
2024-01-04 13:43:00,23.69,23.69,23.69,23.69,0.0,0.0
2024-01-04 13:44:00,23.69,23.69,23.69,23.69,0.0,0.0
2024-01-04 13:45:00,23.75,23.75,23.75,23.75,200.0,4750.0
2024-01-04 13:46:00,23.72,23.72,23.72,23.72,500.0,11860.0
2024-01-04 13:47:00,23.69,23.74,23.69,23.74,10900.0,258356.0
2024-01-04 13:48:00,23.75,23.75,23.75,23.75,1000.0,23750.0
2024-01-04 13:49:00,23.71,23.76,23.71,23.72,2600.0,61762.0
2024-01-04 13:50:00,23.71,23.71,23.71,23.71,5100.0,120921.0
2024-01-04 13:51:00,23.71,23.71,23.71,23.71,0.0,0.0
2024-01-04 13:52:00,23.72,23.72,23.72,23.72,600.0,14232.0
2024-01-04 13:53:00,23.74,23.74,23.74,23.74,100.0,2374.0
2024-01-04 13:54:00,23.74,23.74,23.74,23.74,1200.0,28488.0
2024-01-04 13:55:00,23.74,23.74,23.74,23.74,2100.0,49854.0
2024-01-04 13:56:00,23.74,23.74,23.74,23.74,0.0,0.0
2024-01-04 13:57:00,23.73,23.73,23.73,23.73,900.0,21357.0
2024-01-04 13:58:00,23.71,23.75,23.71,23.75,2400.0,56947.0
2024-01-04 13:59:00,23.75,23.76,23.75,23.76,700.0,16629.0
2024-01-04 14:00:00,23.75,23.76,23.74,23.76,3400.0,80754.0
2024-01-04 14:01:00,23.76,23.76,23.76,23.76,1000.0,23760.0
2024-01-04 14:02:00,23.74,23.76,23.74,23.74,2400.0,56996.0
2024-01-04 14:03:00,23.76,23.76,23.76,23.76,500.0,11880.0
2024-01-04 14:04:00,23.76,23.76,23.76,23.76,1200.0,28512.0
2024-01-04 14:05:00,23.74,23.76,23.74,23.76,1700.0,40368.0
2024-01-04 14:06:00,23.76,23.77,23.74,23.74,2300.0,54649.0
2024-01-04 14:07:00,23.74,23.77,23.74,23.77,800.0,19001.0
2024-01-04 14:08:00,23.77,23.77,23.77,23.77,1700.0,40409.0
2024-01-04 14:09:00,23.75,23.75,23.75,23.75,200.0,4750.0
2024-01-04 14:10:00,23.78,23.78,23.78,23.78,2100.0,49938.0
2024-01-04 14:11:00,23.79,23.79,23.79,23.79,1000.0,23790.0
2024-01-04 14:12:00,23.79,23.79,23.79,23.79,200.0,4758.0
2024-01-04 14:13:00,23.8,23.8,23.78,23.78,1200.0,28556.0
2024-01-04 14:14:00,23.78,23.78,23.78,23.78,800.0,19024.0
2024-01-04 14:15:00,23.78,23.78,23.78,23.78,0.0,0.0
2024-01-04 14:16:00,23.78,23.78,23.78,23.78,200.0,4756.0
2024-01-04 14:17:00,23.76,23.78,23.76,23.78,900.0,21391.0
2024-01-04 14:18:00,23.73,23.73,23.73,23.73,200.0,4747.0
2024-01-04 14:19:00,23.77,23.78,23.75,23.78,1300.0,30880.0
2024-01-04 14:20:00,23.78,23.78,23.78,23.78,0.0,0.0
2024-01-04 14:21:00,23.78,23.78,23.78,23.78,0.0,0.0
2024-01-04 14:22:00,23.75,23.75,23.75,23.75,100.0,2375.0
2024-01-04 14:23:00,23.73,23.73,23.73,23.73,100.0,2373.0
2024-01-04 14:24:00,23.75,23.75,23.75,23.75,1000.0,23750.0
2024-01-04 14:25:00,23.75,23.75,23.75,23.75,0.0,0.0
2024-01-04 14:26:00,23.73,23.73,23.73,23.73,1300.0,30849.0
2024-01-04 14:27:00,23.73,23.73,23.73,23.73,600.0,14238.0
2024-01-04 14:28:00,23.73,23.73,23.73,23.73,500.0,11865.0
2024-01-04 14:29:00,23.75,23.75,23.75,23.75,200.0,4750.0
2024-01-04 14:30:00,23.73,23.73,23.73,23.73,100.0,2373.0
2024-01-04 14:31:00,23.75,23.78,23.73,23.73,1500.0,35620.0
2024-01-04 14:32:00,23.73,23.75,23.69,23.69,20600.0,488425.0
2024-01-04 14:33:00,23.65,23.73,23.61,23.65,38700.0,915287.0
2024-01-04 14:34:00,23.65,23.65,23.65,23.65,0.0,0.0
2024-01-04 14:35:00,23.68,23.68,23.68,23.68,300.0,7104.0
2024-01-04 14:36:00,23.73,23.73,23.73,23.73,1300.0,30842.0
2024-01-04 14:37:00,23.73,23.73,23.73,23.73,0.0,0.0
2024-01-04 14:38:00,23.67,23.67,23.67,23.67,200.0,4734.0
2024-01-04 14:39:00,23.67,23.69,23.67,23.69,3200.0,75756.0
2024-01-04 14:40:00,23.68,23.73,23.66,23.7,3500.0,82888.0
2024-01-04 14:41:00,23.7,23.73,23.67,23.67,10500.0,248550.0
2024-01-04 14:42:00,23.67,23.68,23.67,23.68,10300.0,243802.0
2024-01-04 14:43:00,23.73,23.73,23.71,23.71,500.0,11857.0
2024-01-04 14:44:00,23.72,23.72,23.72,23.72,900.0,21348.0
2024-01-04 14:45:00,23.72,23.72,23.68,23.68,3700.0,87693.0
2024-01-04 14:46:00,23.68,23.72,23.68,23.72,12500.0,296134.0
2024-01-04 14:47:00,23.72,23.72,23.69,23.72,6100.0,144680.0
2024-01-04 14:48:00,23.69,23.72,23.69,23.72,2100.0,49794.0
2024-01-04 14:49:00,23.72,23.72,23.71,23.71,2500.0,59282.0
2024-01-04 14:50:00,23.71,23.71,23.71,23.71,800.0,18968.0
2024-01-04 14:51:00,23.71,23.71,23.7,23.71,1500.0,35561.0
2024-01-04 14:52:00,23.71,23.71,23.7,23.7,5100.0,120883.0
2024-01-04 14:53:00,23.71,23.71,23.7,23.7,12200.0,289148.0
2024-01-04 14:54:00,23.7,23.7,23.69,23.69,4400.0,104265.0
2024-01-04 14:55:00,23.7,23.71,23.69,23.71,14100.0,334105.0
2024-01-04 14:56:00,23.68,23.71,23.68,23.71,1200.0,28443.0
2024-01-04 14:57:00,23.71,23.71,23.7,23.71,5900.0,139884.0
2024-01-04 14:58:00,23.71,23.71,23.71,23.71,0.0,0.0
2024-01-04 14:59:00,23.71,23.71,23.71,23.71,0.0,0.0
2024-01-04 15:00:00,23.7,23.7,23.7,23.7,3600.0,85320.0
2024-01-05 09:31:00,23.7,23.83,23.69,23.71,23700.0,562595.0
2024-01-05 09:32:00,23.71,23.81,23.71,23.77,11100.0,263896.0
2024-01-05 09:33:00,23.76,23.82,23.76,23.82,19300.0,459087.0
2024-01-05 09:34:00,23.82,23.83,23.82,23.82,8700.0,207243.0
2024-01-05 09:35:00,23.81,23.86,23.81,23.86,2200.0,52459.0
2024-01-05 09:36:00,23.85,23.87,23.84,23.87,5800.0,138371.0
2024-01-05 09:37:00,23.88,23.89,23.86,23.89,3000.0,71645.0
2024-01-05 09:38:00,23.86,23.86,23.83,23.83,20200.0,481899.0
2024-01-05 09:39:00,23.83,23.86,23.83,23.84,14400.0,343439.0
2024-01-05 09:40:00,23.82,23.85,23.82,23.83,6400.0,152515.0
2024-01-05 09:41:00,23.84,23.92,23.84,23.9,126600.0,3018600.0
2024-01-05 09:42:00,23.91,23.92,23.87,23.87,12900.0,308209.0
2024-01-05 09:43:00,23.83,23.84,23.82,23.82,16000.0,381241.0
2024-01-05 09:44:00,23.83,23.83,23.82,23.82,700.0,16678.0
2024-01-05 09:45:00,23.78,23.82,23.78,23.82,1100.0,26176.0
2024-01-05 09:46:00,23.81,23.82,23.79,23.79,3100.0,73767.0
2024-01-05 09:47:00,23.81,23.83,23.79,23.79,3000.0,71402.0
2024-01-05 09:48:00,23.82,23.87,23.82,23.87,2900.0,69117.0
2024-01-05 09:49:00,23.87,23.87,23.83,23.86,3900.0,93043.0
2024-01-05 09:50:00,23.87,23.88,23.87,23.88,7000.0,167143.0
2024-01-05 09:51:00,23.87,23.92,23.87,23.92,6900.0,164924.0
2024-01-05 09:52:00,23.92,23.93,23.92,23.93,6700.0,160305.0
2024-01-05 09:53:00,23.91,23.91,23.9,23.9,4700.0,112371.0
2024-01-05 09:54:00,23.91,23.91,23.91,23.91,2500.0,59775.0
2024-01-05 09:55:00,23.9,23.9,23.89,23.89,6700.0,160125.0
2024-01-05 09:56:00,23.89,23.89,23.84,23.85,1800.0,42951.0
2024-01-05 09:57:00,23.84,23.84,23.84,23.84,300.0,7152.0
2024-01-05 09:58:00,23.85,23.85,23.81,23.81,7600.0,181060.0
2024-01-05 09:59:00,23.83,23.87,23.83,23.87,1100.0,26219.0
2024-01-05 10:00:00,23.84,23.89,23.84,23.89,4400.0,105082.0
2024-01-05 10:01:00,23.82,23.82,23.82,23.82,2100.0,50046.0
2024-01-05 10:02:00,23.83,23.83,23.81,23.81,2700.0,64330.0
2024-01-05 10:03:00,23.78,23.78,23.78,23.78,700.0,16646.0
2024-01-05 10:04:00,23.81,23.83,23.81,23.82,6100.0,145290.0
2024-01-05 10:05:00,23.82,23.82,23.82,23.82,0.0,0.0
2024-01-05 10:06:00,23.79,23.8,23.79,23.79,1900.0,45207.0
2024-01-05 10:07:00,23.81,23.81,23.81,23.81,2500.0,59502.0
2024-01-05 10:08:00,23.85,23.85,23.8,23.8,13500.0,321436.0
2024-01-05 10:09:00,23.8,23.8,23.8,23.8,500.0,11900.0
2024-01-05 10:10:00,23.78,23.78,23.76,23.76,5800.0,137901.0
2024-01-05 10:11:00,23.76,23.79,23.74,23.79,4700.0,111637.0
2024-01-05 10:12:00,23.79,23.79,23.77,23.77,1000.0,23780.0
2024-01-05 10:13:00,23.78,23.79,23.78,23.78,800.0,19025.0
2024-01-05 10:14:00,23.77,23.77,23.75,23.76,1800.0,42778.0
2024-01-05 10:15:00,23.77,23.77,23.77,23.77,600.0,14262.0
2024-01-05 10:16:00,23.75,23.75,23.74,23.75,4500.0,106865.0
2024-01-05 10:17:00,23.74,23.75,23.74,23.75,1500.0,35615.0
2024-01-05 10:18:00,23.75,23.77,23.75,23.75,6700.0,159151.0
2024-01-05 10:19:00,23.75,23.75,23.75,23.75,100.0,2375.0
2024-01-05 10:20:00,23.75,23.75,23.75,23.75,300.0,7125.0
2024-01-05 10:21:00,23.75,23.76,23.75,23.76,800.0,19006.0
2024-01-05 10:22:00,23.75,23.75,23.74,23.74,1500.0,35622.0
2024-01-05 10:23:00,23.73,23.73,23.72,23.73,1700.0,40338.0
2024-01-05 10:24:00,23.75,23.75,23.75,23.75,1600.0,37992.0
2024-01-05 10:25:00,23.77,23.77,23.77,23.77,700.0,16639.0
2024-01-05 10:26:00,23.78,23.78,23.77,23.77,3400.0,80821.0
2024-01-05 10:27:00,23.77,23.79,23.77,23.79,3100.0,73713.0
2024-01-05 10:28:00,23.79,23.79,23.79,23.79,200.0,4758.0
2024-01-05 10:29:00,23.8,23.8,23.79,23.79,2800.0,66624.0
2024-01-05 10:30:00,23.78,23.81,23.78,23.81,700.0,16655.0
2024-01-05 10:31:00,23.81,23.81,23.81,23.81,300.0,7143.0
2024-01-05 10:32:00,23.81,23.81,23.81,23.81,0.0,0.0
2024-01-05 10:33:00,23.79,23.79,23.79,23.79,600.0,14274.0
2024-01-05 10:34:00,23.78,23.79,23.77,23.79,6000.0,142647.0
2024-01-05 10:35:00,23.78,23.78,23.77,23.77,2700.0,64184.0
2024-01-05 10:36:00,23.77,23.77,23.77,23.77,0.0,0.0
2024-01-05 10:37:00,23.76,23.77,23.75,23.76,1700.0,40389.0
2024-01-05 10:38:00,23.76,23.76,23.76,23.76,1400.0,33264.0
2024-01-05 10:39:00,23.76,23.76,23.76,23.76,0.0,0.0
2024-01-05 10:40:00,23.76,23.76,23.76,23.76,0.0,0.0
2024-01-05 10:41:00,23.76,23.76,23.76,23.76,0.0,0.0
2024-01-05 10:42:00,23.78,23.78,23.78,23.78,800.0,19018.0
2024-01-05 10:43:00,23.78,23.78,23.78,23.78,0.0,0.0
2024-01-05 10:44:00,23.78,23.78,23.78,23.78,0.0,0.0
2024-01-05 10:45:00,23.76,23.76,23.74,23.74,10400.0,247044.0
2024-01-05 10:46:00,23.75,23.75,23.75,23.75,300.0,7125.0
2024-01-05 10:47:00,23.74,23.74,23.72,23.72,3800.0,90194.0
2024-01-05 10:48:00,23.72,23.72,23.72,23.72,0.0,0.0
2024-01-05 10:49:00,23.72,23.72,23.72,23.72,0.0,0.0
2024-01-05 10:50:00,23.73,23.74,23.72,23.72,1800.0,42717.0
2024-01-05 10:51:00,23.73,23.74,23.73,23.74,1000.0,23732.0
2024-01-05 10:52:00,23.74,23.74,23.74,23.74,0.0,0.0
2024-01-05 10:53:00,23.74,23.74,23.74,23.74,0.0,0.0
2024-01-05 10:54:00,23.74,23.74,23.74,23.74,0.0,0.0
2024-01-05 10:55:00,23.74,23.74,23.74,23.74,100.0,2374.0
2024-01-05 10:56:00,23.73,23.73,23.73,23.73,200.0,4746.0
2024-01-05 10:57:00,23.71,23.71,23.71,23.71,3100.0,73509.0
2024-01-05 10:58:00,23.71,23.72,23.71,23.72,1300.0,30825.0
2024-01-05 10:59:00,23.72,23.72,23.7,23.7,4000.0,94845.0
2024-01-05 11:00:00,23.7,23.78,23.7,23.78,46000.0,1096073.0
2024-01-05 11:01:00,23.75,23.75,23.75,23.75,100.0,2375.0
2024-01-05 11:02:00,23.74,23.74,23.74,23.74,600.0,14244.0
2024-01-05 11:03:00,23.74,23.74,23.74,23.74,0.0,0.0
2024-01-05 11:04:00,23.74,23.74,23.74,23.74,400.0,9496.0
2024-01-05 11:05:00,23.72,23.72,23.72,23.72,200.0,4744.0
2024-01-05 11:06:00,23.74,23.74,23.74,23.74,100.0,2374.0
2024-01-05 11:07:00,23.74,23.74,23.74,23.74,0.0,0.0
2024-01-05 11:08:00,23.74,23.74,23.74,23.74,0.0,0.0
2024-01-05 11:09:00,23.72,23.73,23.72,23.73,1200.0,28469.0
2024-01-05 11:10:00,23.72,23.73,23.72,23.73,2400.0,56948.0
2024-01-05 11:11:00,23.72,23.72,23.71,23.71,1500.0,35568.0
2024-01-05 11:12:00,23.69,23.69,23.69,23.69,2300.0,54503.0
2024-01-05 11:13:00,23.7,23.71,23.7,23.71,900.0,21331.0
2024-01-05 11:14:00,23.71,23.71,23.7,23.7,1300.0,30819.0
2024-01-05 11:15:00,23.7,23.7,23.7,23.7,700.0,16590.0
2024-01-05 11:16:00,23.7,23.7,23.69,23.69,3300.0,78207.0
2024-01-05 11:17:00,23.69,23.69,23.69,23.69,0.0,0.0
2024-01-05 11:18:00,23.7,23.7,23.69,23.7,2700.0,63988.0
2024-01-05 11:19:00,23.7,23.7,23.69,23.7,3700.0,87688.0
2024-01-05 11:20:00,23.69,23.69,23.68,23.68,4700.0,111342.0
2024-01-05 11:21:00,23.7,23.7,23.63,23.63,8300.0,196368.0
2024-01-05 11:22:00,23.63,23.63,23.63,23.63,0.0,0.0
2024-01-05 11:23:00,23.67,23.67,23.67,23.67,1000.0,23670.0
2024-01-05 11:24:00,23.66,23.66,23.66,23.66,100.0,2366.0
2024-01-05 11:25:00,23.66,23.66,23.66,23.66,100.0,2366.0
2024-01-05 11:26:00,23.7,23.7,23.7,23.7,1000.0,23700.0
2024-01-05 11:27:00,23.7,23.7,23.7,23.7,3000.0,71100.0
2024-01-05 11:28:00,23.7,23.7,23.66,23.66,1600.0,37908.0
2024-01-05 11:29:00,23.7,23.7,23.66,23.7,400.0,9475.0
2024-01-05 11:30:00,23.7,23.7,23.7,23.7,0.0,0.0
2024-01-05 13:01:00,23.69,23.69,23.65,23.65,6000.0,141982.0
2024-01-05 13:02:00,23.65,23.65,23.64,23.64,800.0,18914.0
2024-01-05 13:03:00,23.65,23.65,23.65,23.65,600.0,14190.0
2024-01-05 13:04:00,23.66,23.67,23.64,23.64,1800.0,42576.0
2024-01-05 13:05:00,23.64,23.64,23.64,23.64,0.0,0.0
2024-01-05 13:06:00,23.64,23.64,23.63,23.63,4500.0,106351.0
2024-01-05 13:07:00,23.62,23.62,23.61,23.61,5200.0,122823.0
2024-01-05 13:08:00,23.6,23.61,23.6,23.61,1200.0,28322.0
2024-01-05 13:09:00,23.62,23.62,23.6,23.6,3600.0,85067.0
2024-01-05 13:10:00,23.61,23.61,23.6,23.6,600.0,14163.0
2024-01-05 13:11:00,23.6,23.6,23.6,23.6,200.0,4720.0
2024-01-05 13:12:00,23.6,23.6,23.56,23.56,1900.0,44762.0
2024-01-05 13:13:00,23.58,23.58,23.58,23.58,300.0,7074.0
2024-01-05 13:14:00,23.58,23.59,23.58,23.59,200.0,4717.0
2024-01-05 13:15:00,23.57,23.57,23.56,23.56,1600.0,37714.0
2024-01-05 13:16:00,23.59,23.59,23.59,23.59,1500.0,35385.0
2024-01-05 13:17:00,23.57,23.6,23.57,23.6,800.0,18877.0
2024-01-05 13:18:00,23.6,23.6,23.6,23.6,1600.0,37760.0
2024-01-05 13:19:00,23.6,23.61,23.58,23.58,400.0,9439.0
2024-01-05 13:20:00,23.59,23.59,23.58,23.58,1300.0,30735.0
2024-01-05 13:21:00,23.57,23.57,23.55,23.55,13700.0,322924.0
2024-01-05 13:22:00,23.56,23.56,23.56,23.56,1300.0,30617.0
2024-01-05 13:23:00,23.57,23.57,23.55,23.55,2700.0,63603.0
2024-01-05 13:24:00,23.55,23.55,23.55,23.55,0.0,0.0
2024-01-05 13:25:00,23.56,23.56,23.55,23.55,1000.0,23552.0
2024-01-05 13:26:00,23.55,23.55,23.55,23.55,100.0,2355.0
2024-01-05 13:27:00,23.55,23.55,23.55,23.55,100.0,2355.0
2024-01-05 13:28:00,23.55,23.55,23.55,23.55,0.0,0.0
2024-01-05 13:29:00,23.56,23.56,23.54,23.56,8700.0,204818.0
2024-01-05 13:30:00,23.56,23.56,23.56,23.56,200.0,4712.0
2024-01-05 13:31:00,23.56,23.56,23.54,23.54,2700.0,63578.0
2024-01-05 13:32:00,23.55,23.55,23.55,23.55,300.0,7065.0
2024-01-05 13:33:00,23.55,23.55,23.51,23.51,6800.0,160024.0
2024-01-05 13:34:00,23.52,23.54,23.52,23.53,1000.0,23533.0
2024-01-05 13:35:00,23.52,23.53,23.52,23.53,1300.0,30579.0
2024-01-05 13:36:00,23.52,23.53,23.52,23.53,600.0,14116.0
2024-01-05 13:37:00,23.54,23.54,23.53,23.53,3000.0,70582.0
2024-01-05 13:38:00,23.52,23.52,23.52,23.52,2900.0,68208.0
2024-01-05 13:39:00,23.54,23.54,23.52,23.52,300.0,7058.0
2024-01-05 13:40:00,23.52,23.56,23.52,23.56,200.0,4708.0
2024-01-05 13:41:00,23.53,23.54,23.51,23.53,1500.0,35301.0
2024-01-05 13:42:00,23.53,23.54,23.51,23.54,6300.0,148192.0
2024-01-05 13:43:00,23.54,23.54,23.54,23.54,600.0,14124.0
2024-01-05 13:44:00,23.54,23.54,23.54,23.54,0.0,0.0
2024-01-05 13:45:00,23.55,23.55,23.55,23.55,500.0,11775.0
2024-01-05 13:46:00,23.56,23.56,23.54,23.54,4500.0,105957.0
2024-01-05 13:47:00,23.55,23.55,23.54,23.54,800.0,18833.0
2024-01-05 13:48:00,23.54,23.54,23.54,23.54,0.0,0.0
2024-01-05 13:49:00,23.55,23.55,23.54,23.54,2100.0,49443.0
2024-01-05 13:50:00,23.56,23.58,23.56,23.58,1800.0,42428.0
2024-01-05 13:51:00,23.58,23.59,23.57,23.59,2300.0,54225.0
2024-01-05 13:52:00,23.59,23.6,23.57,23.6,4700.0,110907.0
2024-01-05 13:53:00,23.58,23.58,23.57,23.57,2600.0,61286.0
2024-01-05 13:54:00,23.57,23.58,23.57,23.58,9500.0,223945.0
2024-01-05 13:55:00,23.58,23.58,23.58,23.58,0.0,0.0
2024-01-05 13:56:00,23.58,23.58,23.58,23.58,0.0,0.0
2024-01-05 13:57:00,23.58,23.58,23.58,23.58,0.0,0.0
2024-01-05 13:58:00,23.58,23.58,23.58,23.58,0.0,0.0
2024-01-05 13:59:00,23.56,23.56,23.56,23.56,1100.0,25916.0
2024-01-05 14:00:00,23.57,23.58,23.56,23.58,3800.0,89531.0
2024-01-05 14:01:00,23.57,23.62,23.57,23.62,1700.0,40117.0
2024-01-05 14:02:00,23.62,23.63,23.61,23.63,4200.0,99182.0
2024-01-05 14:03:00,23.64,23.64,23.64,23.64,500.0,11820.0
2024-01-05 14:04:00,23.65,23.65,23.63,23.63,1900.0,44933.0
2024-01-05 14:05:00,23.62,23.64,23.62,23.64,1300.0,30710.0
2024-01-05 14:06:00,23.65,23.65,23.65,23.65,300.0,7095.0
2024-01-05 14:07:00,23.62,23.65,23.62,23.62,1700.0,40158.0
2024-01-05 14:08:00,23.61,23.61,23.59,23.59,5300.0,125169.0
2024-01-05 14:09:00,23.59,23.59,23.58,23.59,1500.0,35384.0
2024-01-05 14:10:00,23.6,23.6,23.6,23.6,200.0,4720.0
2024-01-05 14:11:00,23.61,23.61,23.6,23.61,500.0,11803.0
2024-01-05 14:12:00,23.62,23.62,23.62,23.62,600.0,14172.0
2024-01-05 14:13:00,23.62,23.62,23.62,23.62,0.0,0.0
2024-01-05 14:14:00,23.62,23.62,23.62,23.62,0.0,0.0
2024-01-05 14:15:00,23.6,23.6,23.59,23.59,1800.0,42475.0
2024-01-05 14:16:00,23.59,23.59,23.59,23.59,0.0,0.0
2024-01-05 14:17:00,23.57,23.57,23.57,23.57,100.0,2357.0
2024-01-05 14:18:00,23.56,23.56,23.54,23.54,2500.0,58883.0
2024-01-05 14:19:00,23.54,23.54,23.54,23.54,0.0,0.0
2024-01-05 14:20:00,23.54,23.55,23.54,23.55,1900.0,44744.0
2024-01-05 14:21:00,23.56,23.56,23.54,23.54,3700.0,87100.0
2024-01-05 14:22:00,23.54,23.55,23.54,23.55,700.0,16479.0
2024-01-05 14:23:00,23.55,23.55,23.54,23.54,700.0,16479.0
2024-01-05 14:24:00,23.54,23.54,23.54,23.54,200.0,4708.0
2024-01-05 14:25:00,23.53,23.53,23.51,23.52,10700.0,251724.0
2024-01-05 14:26:00,23.51,23.51,23.51,23.51,100.0,2351.0
2024-01-05 14:27:00,23.51,23.51,23.5,23.51,11100.0,260829.0
2024-01-05 14:28:00,23.5,23.51,23.5,23.51,1500.0,35259.0
2024-01-05 14:29:00,23.52,23.52,23.52,23.52,100.0,2352.0
2024-01-05 14:30:00,23.52,23.52,23.49,23.49,4300.0,101052.0
2024-01-05 14:31:00,23.48,23.48,23.48,23.48,900.0,21137.0
2024-01-05 14:32:00,23.48,23.48,23.45,23.46,6900.0,161902.0
2024-01-05 14:33:00,23.46,23.46,23.46,23.46,1400.0,32844.0
2024-01-05 14:34:00,23.47,23.52,23.47,23.52,12500.0,293380.0
2024-01-05 14:35:00,23.51,23.51,23.47,23.47,4300.0,101017.0
2024-01-05 14:36:00,23.47,23.47,23.47,23.47,300.0,7041.0
2024-01-05 14:37:00,23.46,23.46,23.46,23.46,2000.0,46920.0
2024-01-05 14:38:00,23.46,23.47,23.46,23.47,1900.0,44587.0
2024-01-05 14:39:00,23.47,23.47,23.47,23.47,1800.0,42246.0
2024-01-05 14:40:00,23.47,23.48,23.47,23.48,1400.0,32860.0
2024-01-05 14:41:00,23.48,23.49,23.47,23.49,1200.0,28177.0
2024-01-05 14:42:00,23.49,23.49,23.48,23.48,11100.0,260631.0
2024-01-05 14:43:00,23.47,23.49,23.47,23.47,3800.0,89208.0
2024-01-05 14:44:00,23.47,23.47,23.46,23.46,600.0,14077.0
2024-01-05 14:45:00,23.46,23.46,23.45,23.45,1500.0,35176.0
2024-01-05 14:46:00,23.46,23.48,23.46,23.48,5400.0,126735.0
2024-01-05 14:47:00,23.5,23.5,23.5,23.5,2100.0,49350.0
2024-01-05 14:48:00,23.5,23.5,23.5,23.5,0.0,0.0
2024-01-05 14:49:00,23.5,23.5,23.46,23.47,4600.0,107996.0
2024-01-05 14:50:00,23.47,23.47,23.47,23.47,2000.0,46955.0
2024-01-05 14:51:00,23.47,23.48,23.45,23.47,7600.0,178328.0
2024-01-05 14:52:00,23.47,23.5,23.47,23.5,7400.0,173762.0
2024-01-05 14:53:00,23.5,23.51,23.5,23.51,2800.0,65825.0
2024-01-05 14:54:00,23.52,23.52,23.51,23.52,2700.0,63486.0
2024-01-05 14:55:00,23.51,23.51,23.5,23.5,3600.0,84626.0
2024-01-05 14:56:00,23.54,23.56,23.5,23.5,1800.0,42342.0
2024-01-05 14:57:00,23.5,23.5,23.49,23.49,4900.0,115123.0
2024-01-05 14:58:00,23.49,23.49,23.49,23.49,0.0,0.0
2024-01-05 14:59:00,23.49,23.49,23.49,23.49,0.0,0.0
2024-01-05 15:00:00,23.5,23.5,23.5,23.5,5900.0,138650.0
2024-01-08 09:31:00,23.5,23.5,23.33,23.35,25000.0,584920.0
2024-01-08 09:32:00,23.4,23.49,23.4,23.49,2100.0,49196.0
2024-01-08 09:33:00,23.45,23.45,23.4,23.4,7000.0,163843.0
2024-01-08 09:34:00,23.4,23.4,23.4,23.4,4200.0,98279.0
2024-01-08 09:35:00,23.39,23.39,23.33,23.33,12700.0,296659.0
2024-01-08 09:36:00,23.3,23.35,23.27,23.3,7700.0,178622.0
2024-01-08 09:37:00,23.37,23.38,23.37,23.38,15600.0,365465.0
2024-01-08 09:38:00,23.38,23.38,23.35,23.35,800.0,18689.0
2024-01-08 09:39:00,23.35,23.35,23.31,23.31,6100.0,142349.0
2024-01-08 09:40:00,23.32,23.32,23.3,23.3,2900.0,67585.0
2024-01-08 09:41:00,23.3,23.3,23.29,23.3,7400.0,172418.0
2024-01-08 09:42:00,23.3,23.34,23.3,23.34,7600.0,177162.0
2024-01-08 09:43:00,23.36,23.36,23.3,23.3,4100.0,95579.0
2024-01-08 09:44:00,23.3,23.3,23.27,23.27,9800.0,228196.0
2024-01-08 09:45:00,23.28,23.3,23.28,23.3,3300.0,76871.0
2024-01-08 09:46:00,23.33,23.33,23.31,23.31,4100.0,95584.0
2024-01-08 09:47:00,23.33,23.34,23.32,23.34,12700.0,296311.0
2024-01-08 09:48:00,23.38,23.38,23.36,23.36,700.0,16360.0
2024-01-08 09:49:00,23.37,23.37,23.33,23.37,3800.0,88724.0
2024-01-08 09:50:00,23.36,23.36,23.36,23.36,400.0,9344.0
2024-01-08 09:51:00,23.36,23.36,23.33,23.34,1000.0,23346.0
2024-01-08 09:52:00,23.36,23.37,23.34,23.34,4100.0,95775.0
2024-01-08 09:53:00,23.34,23.34,23.32,23.32,4900.0,114348.0
2024-01-08 09:54:00,23.32,23.32,23.32,23.32,1300.0,30316.0
2024-01-08 09:55:00,23.32,23.32,23.31,23.32,6100.0,142228.0
2024-01-08 09:56:00,23.31,23.32,23.3,23.3,5400.0,125887.0
2024-01-08 09:57:00,23.32,23.37,23.32,23.32,12700.0,296179.0
2024-01-08 09:58:00,23.32,23.37,23.32,23.37,700.0,16354.0
2024-01-08 09:59:00,23.37,23.37,23.37,23.37,500.0,11683.0
2024-01-08 10:00:00,23.37,23.37,23.33,23.33,11300.0,263667.0
2024-01-08 10:01:00,23.37,23.37,23.37,23.37,1200.0,28044.0
2024-01-08 10:02:00,23.37,23.37,23.3,23.3,7100.0,165642.0
2024-01-08 10:03:00,23.31,23.37,23.31,23.37,800.0,18671.0
2024-01-08 10:04:00,23.36,23.36,23.36,23.36,500.0,11680.0
2024-01-08 10:05:00,23.36,23.36,23.36,23.36,600.0,14016.0
2024-01-08 10:06:00,23.35,23.35,23.32,23.35,1000.0,23344.0
2024-01-08 10:07:00,23.34,23.35,23.33,23.33,2700.0,63015.0
2024-01-08 10:08:00,23.34,23.34,23.32,23.34,1400.0,32666.0
2024-01-08 10:09:00,23.34,23.34,23.34,23.34,400.0,9336.0
2024-01-08 10:10:00,23.37,23.37,23.35,23.37,10200.0,238178.0
2024-01-08 10:11:00,23.37,23.37,23.35,23.36,3000.0,70057.0
2024-01-08 10:12:00,23.32,23.32,23.32,23.32,3100.0,72292.0
2024-01-08 10:13:00,23.3,23.3,23.3,23.3,3300.0,76890.0
2024-01-08 10:14:00,23.27,23.27,23.27,23.27,900.0,20943.0
2024-01-08 10:15:00,23.27,23.27,23.27,23.27,1300.0,30260.0
2024-01-08 10:16:00,23.29,23.29,23.29,23.29,400.0,9314.0
2024-01-08 10:17:00,23.29,23.29,23.27,23.28,2400.0,55856.0
2024-01-08 10:18:00,23.28,23.32,23.28,23.32,1400.0,32610.0
2024-01-08 10:19:00,23.31,23.35,23.31,23.35,4800.0,111926.0
2024-01-08 10:20:00,23.35,23.36,23.35,23.36,1900.0,44372.0
2024-01-08 10:21:00,23.34,23.36,23.34,23.36,1400.0,32685.0
2024-01-08 10:22:00,23.35,23.36,23.34,23.36,1900.0,44364.0
2024-01-08 10:23:00,23.36,23.36,23.32,23.32,1300.0,30345.0
2024-01-08 10:24:00,23.32,23.34,23.32,23.34,1400.0,32657.0
2024-01-08 10:25:00,23.32,23.32,23.29,23.3,3300.0,76878.0
2024-01-08 10:26:00,23.29,23.31,23.26,23.31,4400.0,102486.0
2024-01-08 10:27:00,23.3,23.3,23.26,23.3,800.0,18628.0
2024-01-08 10:28:00,23.26,23.29,23.26,23.28,1100.0,25601.0
2024-01-08 10:29:00,23.28,23.31,23.26,23.31,2000.0,46549.0
2024-01-08 10:30:00,23.26,23.26,23.25,23.26,2900.0,67456.0
2024-01-08 10:31:00,23.25,23.28,23.25,23.28,2100.0,48843.0
2024-01-08 10:32:00,23.28,23.28,23.27,23.27,500.0,11637.0
2024-01-08 10:33:00,23.25,23.31,23.25,23.31,5300.0,123364.0
2024-01-08 10:34:00,23.33,23.33,23.28,23.29,2800.0,65230.0
2024-01-08 10:35:00,23.29,23.3,23.29,23.3,1300.0,30281.0
2024-01-08 10:36:00,23.33,23.34,23.33,23.34,16200.0,377954.0
2024-01-08 10:37:00,23.34,23.34,23.34,23.34,1300.0,30342.0
2024-01-08 10:38:00,23.33,23.33,23.31,23.31,2200.0,51286.0
2024-01-08 10:39:00,23.31,23.31,23.31,23.31,0.0,0.0
2024-01-08 10:40:00,23.32,23.33,23.32,23.32,800.0,18657.0
2024-01-08 10:41:00,23.31,23.31,23.31,23.31,1500.0,34965.0
2024-01-08 10:42:00,23.31,23.32,23.31,23.32,2800.0,65269.0
2024-01-08 10:43:00,23.33,23.35,23.32,23.32,1400.0,32661.0
2024-01-08 10:44:00,23.32,23.33,23.3,23.33,1200.0,27990.0
2024-01-08 10:45:00,23.33,23.33,23.3,23.32,500.0,11658.0
2024-01-08 10:46:00,23.33,23.33,23.33,23.33,500.0,11665.0
2024-01-08 10:47:00,23.32,23.35,23.32,23.35,1200.0,27993.0
2024-01-08 10:48:00,23.32,23.33,23.32,23.33,600.0,13996.0
2024-01-08 10:49:00,23.33,23.33,23.3,23.31,5400.0,125862.0
2024-01-08 10:50:00,23.31,23.31,23.31,23.31,400.0,9324.0
2024-01-08 10:51:00,23.31,23.33,23.31,23.33,2100.0,48954.0
2024-01-08 10:52:00,23.33,23.35,23.31,23.35,500.0,11667.0
2024-01-08 10:53:00,23.34,23.34,23.34,23.34,400.0,9336.0
2024-01-08 10:54:00,23.34,23.34,23.34,23.34,400.0,9336.0
2024-01-08 10:55:00,23.35,23.36,23.35,23.36,1300.0,30356.0
2024-01-08 10:56:00,23.36,23.36,23.35,23.36,400.0,9343.0
2024-01-08 10:57:00,23.37,23.37,23.37,23.37,500.0,11683.0
2024-01-08 10:58:00,23.37,23.37,23.37,23.37,2700.0,63099.0
2024-01-08 10:59:00,23.37,23.37,23.37,23.37,500.0,11685.0
2024-01-08 11:00:00,23.37,23.37,23.36,23.36,900.0,21031.0
2024-01-08 11:01:00,23.36,23.36,23.35,23.36,500.0,11679.0
2024-01-08 11:02:00,23.35,23.36,23.34,23.35,2500.0,58371.0
2024-01-08 11:03:00,23.35,23.35,23.35,23.35,1500.0,35025.0
2024-01-08 11:04:00,23.35,23.36,23.35,23.36,400.0,9342.0
2024-01-08 11:05:00,23.36,23.36,23.36,23.36,500.0,11680.0
2024-01-08 11:06:00,23.36,23.36,23.36,23.36,400.0,9344.0
2024-01-08 11:07:00,23.36,23.36,23.36,23.36,300.0,7008.0
2024-01-08 11:08:00,23.36,23.36,23.35,23.36,1400.0,32689.0
2024-01-08 11:09:00,23.36,23.37,23.36,23.37,2900.0,67752.0
2024-01-08 11:10:00,23.37,23.37,23.36,23.37,1100.0,25700.0
2024-01-08 11:11:00,23.36,23.36,23.36,23.36,400.0,9344.0
2024-01-08 11:12:00,23.35,23.35,23.34,23.34,200.0,4669.0
2024-01-08 11:13:00,23.34,23.38,23.34,23.38,10600.0,247672.0
2024-01-08 11:14:00,23.4,23.4,23.38,23.38,600.0,14032.0
2024-01-08 11:15:00,23.38,23.39,23.38,23.39,300.0,7016.0
2024-01-08 11:16:00,23.4,23.41,23.36,23.41,1700.0,39736.0
2024-01-08 11:17:00,23.41,23.41,23.41,23.41,600.0,14046.0
2024-01-08 11:18:00,23.43,23.43,23.38,23.43,2300.0,53795.0
2024-01-08 11:19:00,23.43,23.43,23.42,23.43,500.0,11714.0
2024-01-08 11:20:00,23.37,23.43,23.37,23.42,1100.0,25728.0
2024-01-08 11:21:00,23.41,23.41,23.36,23.4,1100.0,25718.0
2024-01-08 11:22:00,23.4,23.4,23.4,23.4,400.0,9359.0
2024-01-08 11:23:00,23.43,23.43,23.43,23.43,400.0,9372.0
2024-01-08 11:24:00,23.41,23.41,23.41,23.41,300.0,7023.0
2024-01-08 11:25:00,23.39,23.41,23.38,23.38,1300.0,30409.0
2024-01-08 11:26:00,23.37,23.39,23.36,23.38,1600.0,37390.0
2024-01-08 11:27:00,23.36,23.38,23.36,23.38,600.0,14024.0
2024-01-08 11:28:00,23.36,23.36,23.36,23.36,1300.0,30368.0
2024-01-08 11:29:00,23.37,23.37,23.34,23.37,500.0,11679.0
2024-01-08 11:30:00,23.37,23.37,23.37,23.37,400.0,9348.0
2024-01-08 13:01:00,23.35,23.39,23.33,23.39,2300.0,53728.0
2024-01-08 13:02:00,23.37,23.37,23.37,23.37,400.0,9348.0
2024-01-08 13:03:00,23.36,23.36,23.36,23.36,400.0,9344.0
2024-01-08 13:04:00,23.36,23.36,23.33,23.35,1100.0,25671.0
2024-01-08 13:05:00,23.36,23.36,23.35,23.35,1800.0,42032.0
2024-01-08 13:06:00,23.38,23.38,23.38,23.38,400.0,9352.0
2024-01-08 13:07:00,23.37,23.37,23.35,23.35,900.0,21017.0
2024-01-08 13:08:00,23.35,23.35,23.32,23.33,1500.0,34995.0
2024-01-08 13:09:00,23.32,23.33,23.3,23.3,2900.0,67603.0
2024-01-08 13:10:00,23.33,23.33,23.33,23.33,300.0,6999.0
2024-01-08 13:11:00,23.33,23.33,23.33,23.33,400.0,9332.0
2024-01-08 13:12:00,23.33,23.33,23.31,23.32,2200.0,51307.0
2024-01-08 13:13:00,23.32,23.32,23.31,23.31,700.0,16322.0
2024-01-08 13:14:00,23.31,23.34,23.3,23.3,1200.0,27968.0
2024-01-08 13:15:00,23.29,23.29,23.29,23.29,6000.0,139791.0
2024-01-08 13:16:00,23.3,23.33,23.3,23.33,1100.0,25636.0
2024-01-08 13:17:00,23.29,23.32,23.29,23.29,4800.0,111806.0
2024-01-08 13:18:00,23.29,23.32,23.29,23.32,500.0,11648.0
2024-01-08 13:19:00,23.28,23.32,23.28,23.32,500.0,11656.0
2024-01-08 13:20:00,23.32,23.32,23.32,23.32,400.0,9328.0
2024-01-08 13:21:00,23.32,23.33,23.28,23.33,500.0,11658.0
2024-01-08 13:22:00,23.29,23.29,23.29,23.29,500.0,11645.0
2024-01-08 13:23:00,23.29,23.33,23.29,23.33,2100.0,48911.0
2024-01-08 13:24:00,23.33,23.33,23.33,23.33,300.0,6999.0
2024-01-08 13:25:00,23.33,23.33,23.29,23.29,600.0,13990.0
2024-01-08 13:26:00,23.32,23.32,23.28,23.28,1500.0,34936.0
2024-01-08 13:27:00,23.28,23.28,23.27,23.28,1100.0,25607.0
2024-01-08 13:28:00,23.28,23.28,23.26,23.26,600.0,13966.0
2024-01-08 13:29:00,23.26,23.31,23.26,23.31,800.0,18621.0
2024-01-08 13:30:00,23.3,23.3,23.26,23.3,600.0,13976.0
2024-01-08 13:31:00,23.3,23.3,23.3,23.3,400.0,9320.0
2024-01-08 13:32:00,23.3,23.3,23.3,23.3,400.0,9320.0
2024-01-08 13:33:00,23.27,23.29,23.27,23.29,1400.0,32586.0
2024-01-08 13:34:00,23.26,23.26,23.24,23.25,5900.0,137189.0
2024-01-08 13:35:00,23.25,23.25,23.24,23.25,1500.0,34864.0
2024-01-08 13:36:00,23.25,23.25,23.23,23.23,1700.0,39512.0
2024-01-08 13:37:00,23.24,23.28,23.24,23.28,1100.0,25578.0
2024-01-08 13:38:00,23.24,23.28,23.24,23.28,600.0,13960.0
2024-01-08 13:39:00,23.28,23.29,23.28,23.29,400.0,9314.0
2024-01-08 13:40:00,23.29,23.29,23.24,23.29,600.0,13959.0
2024-01-08 13:41:00,23.29,23.29,23.24,23.28,1300.0,30230.0
2024-01-08 13:42:00,23.28,23.28,23.28,23.28,500.0,11640.0
2024-01-08 13:43:00,23.28,23.28,23.28,23.28,400.0,9312.0
2024-01-08 13:44:00,23.28,23.28,23.28,23.28,200.0,4656.0
2024-01-08 13:45:00,23.24,23.24,23.24,23.24,200.0,4648.0
2024-01-08 13:46:00,23.24,23.24,23.24,23.24,300.0,6972.0
2024-01-08 13:47:00,23.24,23.26,23.24,23.24,800.0,18594.0
2024-01-08 13:48:00,23.24,23.24,23.24,23.24,100.0,2324.0
2024-01-08 13:49:00,23.25,23.25,23.25,23.25,100.0,2325.0
2024-01-08 13:50:00,23.25,23.26,23.24,23.25,700.0,16274.0
2024-01-08 13:51:00,23.25,23.25,23.24,23.24,600.0,13949.0
2024-01-08 13:52:00,23.23,23.24,23.21,23.24,3200.0,74321.0
2024-01-08 13:53:00,23.26,23.26,23.22,23.26,400.0,9298.0
2024-01-08 13:54:00,23.26,23.26,23.21,23.26,400.0,9299.0
2024-01-08 13:55:00,23.26,23.26,23.26,23.26,300.0,6978.0
2024-01-08 13:56:00,23.26,23.26,23.26,23.26,300.0,6978.0
2024-01-08 13:57:00,23.26,23.26,23.26,23.26,600.0,13956.0
2024-01-08 13:58:00,23.21,23.26,23.21,23.26,1500.0,34838.0
2024-01-08 13:59:00,23.26,23.27,23.22,23.27,500.0,11623.0
2024-01-08 14:00:00,23.25,23.26,23.21,23.22,1500.0,34846.0
2024-01-08 14:01:00,23.21,23.21,23.2,23.21,3400.0,78902.0
2024-01-08 14:02:00,23.2,23.21,23.19,23.2,7300.0,169321.0
2024-01-08 14:03:00,23.18,23.19,23.18,23.19,3800.0,88119.0
2024-01-08 14:04:00,23.18,23.19,23.18,23.19,2500.0,57953.0
2024-01-08 14:05:00,23.21,23.22,23.2,23.22,2300.0,53364.0
2024-01-08 14:06:00,23.25,23.27,23.23,23.27,1600.0,37185.0
2024-01-08 14:07:00,23.27,23.3,23.27,23.3,2400.0,55853.0
2024-01-08 14:08:00,23.27,23.3,23.27,23.27,4700.0,109504.0
2024-01-08 14:09:00,23.29,23.33,23.29,23.33,2300.0,53588.0
2024-01-08 14:10:00,23.29,23.32,23.29,23.32,2300.0,53572.0
2024-01-08 14:11:00,23.29,23.29,23.24,23.24,1600.0,37213.0
2024-01-08 14:12:00,23.19,23.24,23.16,23.24,5400.0,125153.0
2024-01-08 14:13:00,23.23,23.24,23.22,23.24,400.0,9292.0
2024-01-08 14:14:00,23.21,23.23,23.21,23.22,400.0,9288.0
2024-01-08 14:15:00,23.22,23.27,23.22,23.27,2000.0,46460.0
2024-01-08 14:16:00,23.23,23.23,23.21,23.21,1900.0,44136.0
2024-01-08 14:17:00,23.21,23.26,23.21,23.23,7500.0,174183.0
2024-01-08 14:18:00,23.24,23.25,23.24,23.25,600.0,13949.0
2024-01-08 14:19:00,23.25,23.25,23.23,23.23,2000.0,46472.0
2024-01-08 14:20:00,23.21,23.23,23.21,23.23,500.0,11611.0
2024-01-08 14:21:00,23.23,23.24,23.23,23.24,500.0,11616.0
2024-01-08 14:22:00,23.24,23.24,23.24,23.24,1000.0,23238.0
2024-01-08 14:23:00,23.24,23.24,23.24,23.24,2600.0,60424.0
2024-01-08 14:24:00,23.25,23.25,23.23,23.23,1300.0,30215.0
2024-01-08 14:25:00,23.23,23.23,23.23,23.23,100.0,2323.0
2024-01-08 14:26:00,23.3,23.3,23.3,23.3,1000.0,23291.0
2024-01-08 14:27:00,23.3,23.3,23.3,23.3,0.0,0.0
2024-01-08 14:28:00,23.3,23.3,23.3,23.3,0.0,0.0
2024-01-08 14:29:00,23.26,23.26,23.26,23.26,200.0,4652.0
2024-01-08 14:30:00,23.26,23.26,23.26,23.26,2600.0,60476.0
2024-01-08 14:31:00,23.26,23.3,23.25,23.25,3000.0,69795.0
2024-01-08 14:32:00,23.25,23.26,23.24,23.26,1600.0,37196.0
2024-01-08 14:33:00,23.23,23.23,23.23,23.23,900.0,20910.0
2024-01-08 14:34:00,23.22,23.22,23.22,23.22,4600.0,106823.0
2024-01-08 14:35:00,23.21,23.21,23.2,23.2,2500.0,58024.0
2024-01-08 14:36:00,23.21,23.21,23.2,23.2,500.0,11604.0
2024-01-08 14:37:00,23.2,23.22,23.2,23.2,1400.0,32488.0
2024-01-08 14:38:00,23.2,23.2,23.2,23.2,0.0,0.0
2024-01-08 14:39:00,23.21,23.21,23.21,23.21,100.0,2321.0
2024-01-08 14:40:00,23.21,23.21,23.21,23.21,100.0,2321.0
2024-01-08 14:41:00,23.2,23.2,23.2,23.2,300.0,6960.0
2024-01-08 14:42:00,23.19,23.2,23.19,23.2,700.0,16239.0
2024-01-08 14:43:00,23.2,23.2,23.2,23.2,200.0,4640.0
2024-01-08 14:44:00,23.19,23.19,23.19,23.19,100.0,2319.0
2024-01-08 14:45:00,23.19,23.19,23.16,23.17,9400.0,217844.0
2024-01-08 14:46:00,23.17,23.21,23.17,23.21,3300.0,76584.0
2024-01-08 14:47:00,23.17,23.17,23.11,23.11,4200.0,97109.0
2024-01-08 14:48:00,23.12,23.12,23.07,23.1,7200.0,166268.0
2024-01-08 14:49:00,23.09,23.11,23.09,23.1,14700.0,339578.0
2024-01-08 14:50:00,23.1,23.15,23.1,23.15,3300.0,76370.0
2024-01-08 14:51:00,23.15,23.15,23.11,23.11,2300.0,53180.0
2024-01-08 14:52:00,23.11,23.11,23.09,23.09,4600.0,106272.0
2024-01-08 14:53:00,23.09,23.21,23.02,23.09,9200.0,212126.0
2024-01-08 14:54:00,23.09,23.09,23.06,23.06,1000.0,23074.0
2024-01-08 14:55:00,23.06,23.1,23.06,23.06,1800.0,41528.0
2024-01-08 14:56:00,23.06,23.06,23.06,23.06,100.0,3344.0
2024-01-08 14:57:00,23.07,23.07,23.06,23.06,1500.0,34592.0
2024-01-08 14:58:00,23.06,23.06,23.06,23.06,0.0,0.0
2024-01-08 14:59:00,23.06,23.06,23.06,23.06,0.0,0.0
2024-01-08 15:00:00,23.07,23.07,23.07,23.07,2000.0,46140.0
2024-01-09 09:31:00,23.07,23.1,23.0,23.04,10600.0,244304.0
2024-01-09 09:32:00,23.02,23.02,23.0,23.02,6700.0,154161.0
2024-01-09 09:33:00,23.01,23.04,23.01,23.04,2000.0,46077.0
2024-01-09 09:34:00,23.08,23.11,23.05,23.1,4300.0,99291.0
2024-01-09 09:35:00,23.1,23.2,23.1,23.17,7400.0,171423.0
2024-01-09 09:36:00,23.13,23.14,23.04,23.04,4400.0,101703.0
2024-01-09 09:37:00,23.07,23.07,23.05,23.07,6600.0,152205.0
2024-01-09 09:38:00,23.1,23.13,23.1,23.12,1800.0,41616.0
2024-01-09 09:39:00,23.13,23.13,23.13,23.13,200.0,4626.0
2024-01-09 09:40:00,23.13,23.13,23.09,23.09,700.0,16171.0
2024-01-09 09:41:00,23.11,23.12,23.1,23.12,10000.0,231093.0
2024-01-09 09:42:00,23.13,23.13,23.1,23.1,2500.0,57784.0
2024-01-09 09:43:00,23.08,23.12,23.08,23.12,7400.0,170955.0
2024-01-09 09:44:00,23.12,23.12,23.12,23.12,500.0,11556.0
2024-01-09 09:45:00,23.08,23.11,23.07,23.11,9800.0,226340.0
2024-01-09 09:46:00,23.11,23.11,23.11,23.11,4800.0,110928.0
2024-01-09 09:47:00,23.12,23.12,23.12,23.12,1100.0,25432.0
2024-01-09 09:48:00,23.15,23.16,23.13,23.15,1300.0,30095.0
2024-01-09 09:49:00,23.15,23.15,23.14,23.14,400.0,9258.0
2024-01-09 09:50:00,23.14,23.14,23.14,23.14,3400.0,78676.0
2024-01-09 09:51:00,23.12,23.12,23.12,23.12,800.0,18497.0
2024-01-09 09:52:00,23.1,23.1,23.09,23.09,600.0,13861.0
2024-01-09 09:53:00,23.08,23.1,23.08,23.1,2300.0,53094.0
2024-01-09 09:54:00,23.09,23.1,23.09,23.1,300.0,6928.0
2024-01-09 09:55:00,23.09,23.09,23.08,23.08,1100.0,25394.0
2024-01-09 09:56:00,23.08,23.08,23.08,23.08,0.0,0.0
2024-01-09 09:57:00,23.08,23.08,23.08,23.08,600.0,13848.0
2024-01-09 09:58:00,23.08,23.08,23.06,23.08,4300.0,99191.0
2024-01-09 09:59:00,23.09,23.29,23.08,23.17,26200.0,607251.0
2024-01-09 10:00:00,23.17,23.24,23.17,23.22,25000.0,581185.0
2024-01-09 10:01:00,23.17,23.2,23.17,23.2,1000.0,23188.0
2024-01-09 10:02:00,23.2,23.21,23.2,23.21,600.0,13921.0
2024-01-09 10:03:00,23.22,23.24,23.22,23.24,7600.0,176560.0
2024-01-09 10:04:00,23.24,23.27,23.23,23.27,1700.0,39515.0
2024-01-09 10:05:00,23.28,23.32,23.28,23.32,15100.0,351898.0
2024-01-09 10:06:00,23.32,23.32,23.29,23.29,3900.0,90903.0
2024-01-09 10:07:00,23.32,23.37,23.32,23.32,500.0,11665.0
2024-01-09 10:08:00,23.37,23.4,23.37,23.4,3800.0,88819.0
2024-01-09 10:09:00,23.37,23.38,23.36,23.38,4700.0,109847.0
2024-01-09 10:10:00,23.37,23.4,23.36,23.4,1300.0,30396.0
2024-01-09 10:11:00,23.39,23.39,23.31,23.37,900.0,21026.0
2024-01-09 10:12:00,23.37,23.37,23.37,23.37,100.0,2337.0
2024-01-09 10:13:00,23.36,23.38,23.36,23.38,1800.0,42071.0
2024-01-09 10:14:00,23.37,23.38,23.37,23.38,900.0,21041.0
2024-01-09 10:15:00,23.39,23.39,23.35,23.35,1200.0,28043.0
2024-01-09 10:16:00,23.33,23.33,23.3,23.3,600.0,13991.0
2024-01-09 10:17:00,23.3,23.3,23.3,23.3,2000.0,46600.0
2024-01-09 10:18:00,23.3,23.3,23.3,23.3,600.0,13980.0
2024-01-09 10:19:00,23.31,23.35,23.31,23.35,1400.0,32662.0
2024-01-09 10:20:00,23.36,23.38,23.36,23.38,900.0,21028.0
2024-01-09 10:21:00,23.37,23.4,23.37,23.4,8700.0,203476.0
2024-01-09 10:22:00,23.4,23.41,23.4,23.41,1600.0,37441.0
2024-01-09 10:23:00,23.4,23.4,23.4,23.4,100.0,2340.0
2024-01-09 10:24:00,23.4,23.41,23.4,23.4,10300.0,241045.0
2024-01-09 10:25:00,23.4,23.44,23.4,23.44,10800.0,252882.0
2024-01-09 10:26:00,23.44,23.45,23.44,23.45,1900.0,44549.0
2024-01-09 10:27:00,23.45,23.45,23.45,23.45,500.0,11725.0
2024-01-09 10:28:00,23.44,23.44,23.44,23.44,100.0,2344.0
2024-01-09 10:29:00,23.44,23.44,23.43,23.43,7500.0,175802.0
2024-01-09 10:30:00,23.42,23.42,23.42,23.42,1000.0,23424.0
2024-01-09 10:31:00,23.42,23.42,23.42,23.42,2300.0,53866.0
2024-01-09 10:32:00,23.42,23.45,23.42,23.45,1500.0,35146.0
2024-01-09 10:33:00,23.44,23.44,23.43,23.43,1200.0,28122.0
2024-01-09 10:34:00,23.42,23.42,23.42,23.42,100.0,2342.0
2024-01-09 10:35:00,23.44,23.45,23.44,23.45,1600.0,37514.0
2024-01-09 10:36:00,23.46,23.48,23.46,23.48,6600.0,154893.0
2024-01-09 10:37:00,23.46,23.46,23.45,23.45,1200.0,28161.0
2024-01-09 10:38:00,23.44,23.44,23.44,23.44,1000.0,23440.0
2024-01-09 10:39:00,23.41,23.41,23.41,23.41,100.0,2341.0
2024-01-09 10:40:00,23.4,23.43,23.4,23.43,300.0,7025.0
2024-01-09 10:41:00,23.38,23.38,23.38,23.38,100.0,2338.0
2024-01-09 10:42:00,23.35,23.36,23.29,23.29,1100.0,25674.0
2024-01-09 10:43:00,23.29,23.29,23.29,23.29,0.0,0.0
2024-01-09 10:44:00,23.29,23.29,23.29,23.29,0.0,0.0
2024-01-09 10:45:00,23.33,23.33,23.33,23.33,100.0,2333.0
2024-01-09 10:46:00,23.33,23.33,23.33,23.33,400.0,9332.0
2024-01-09 10:47:00,23.36,23.36,23.36,23.36,1000.0,23344.0
2024-01-09 10:48:00,23.36,23.36,23.36,23.36,1300.0,30368.0
2024-01-09 10:49:00,23.36,23.36,23.36,23.36,0.0,0.0
2024-01-09 10:50:00,23.36,23.36,23.36,23.36,1300.0,30368.0
2024-01-09 10:51:00,23.36,23.37,23.36,23.37,900.0,21025.0
2024-01-09 10:52:00,23.37,23.37,23.37,23.37,0.0,0.0
2024-01-09 10:53:00,23.36,23.36,23.35,23.35,1900.0,44379.0
2024-01-09 10:54:00,23.35,23.35,23.35,23.35,0.0,0.0
2024-01-09 10:55:00,23.33,23.33,23.33,23.33,200.0,4666.0
2024-01-09 10:56:00,23.34,23.34,23.33,23.33,1100.0,25671.0
2024-01-09 10:57:00,23.33,23.33,23.33,23.33,0.0,0.0
2024-01-09 10:58:00,23.33,23.33,23.33,23.33,0.0,0.0
2024-01-09 10:59:00,23.33,23.33,23.33,23.33,200.0,4666.0
2024-01-09 11:00:00,23.33,23.33,23.3,23.3,500.0,11661.0
2024-01-09 11:01:00,23.3,23.3,23.3,23.3,2000.0,46600.0
2024-01-09 11:02:00,23.21,23.31,23.21,23.3,50500.0,1171135.0
2024-01-09 11:03:00,23.3,23.3,23.3,23.3,0.0,0.0
2024-01-09 11:04:00,23.25,23.25,23.25,23.25,3400.0,79050.0
2024-01-09 11:05:00,23.25,23.25,23.22,23.22,2900.0,67369.0
2024-01-09 11:06:00,23.22,23.22,23.22,23.22,300.0,6966.0
2024-01-09 11:07:00,23.22,23.22,23.22,23.22,0.0,0.0
2024-01-09 11:08:00,23.22,23.22,23.22,23.22,600.0,13935.0
2024-01-09 11:09:00,23.22,23.22,23.22,23.22,500.0,11613.0
2024-01-09 11:10:00,23.22,23.22,23.22,23.22,400.0,9288.0
2024-01-09 11:11:00,23.21,23.21,23.2,23.2,600.0,13925.0
2024-01-09 11:12:00,23.21,23.24,23.21,23.24,400.0,9293.0
2024-01-09 11:13:00,23.24,23.24,23.24,23.24,0.0,0.0
2024-01-09 11:14:00,23.24,23.24,23.24,23.24,1000.0,23240.0
2024-01-09 11:15:00,23.25,23.26,23.25,23.26,700.0,16276.0
2024-01-09 11:16:00,23.26,23.26,23.26,23.26,0.0,0.0
2024-01-09 11:17:00,23.25,23.25,23.25,23.25,1800.0,41850.0
2024-01-09 11:18:00,23.25,23.25,23.25,23.25,700.0,16275.0
2024-01-09 11:19:00,23.25,23.25,23.25,23.25,0.0,0.0
2024-01-09 11:20:00,23.25,23.27,23.25,23.27,1000.0,23260.0
2024-01-09 11:21:00,23.26,23.26,23.26,23.26,400.0,9304.0
2024-01-09 11:22:00,23.27,23.27,23.27,23.27,400.0,9308.0
2024-01-09 11:23:00,23.27,23.27,23.27,23.27,0.0,0.0
2024-01-09 11:24:00,23.26,23.27,23.26,23.27,400.0,9307.0
2024-01-09 11:25:00,23.27,23.27,23.27,23.27,0.0,0.0
2024-01-09 11:26:00,23.27,23.27,23.27,23.27,0.0,0.0
2024-01-09 11:27:00,23.23,23.23,23.23,23.23,100.0,2323.0
2024-01-09 11:28:00,23.23,23.23,23.23,23.23,500.0,11615.0
2024-01-09 11:29:00,23.23,23.23,23.2,23.2,200.0,4643.0
2024-01-09 11:30:00,23.2,23.2,23.2,23.2,0.0,0.0
2024-01-09 13:01:00,23.2,23.2,23.18,23.18,1800.0,41746.0
2024-01-09 13:02:00,23.18,23.18,23.14,23.16,1200.0,27783.0
2024-01-09 13:03:00,23.17,23.17,23.15,23.15,400.0,9262.0
2024-01-09 13:04:00,23.15,23.15,23.13,23.13,900.0,20823.0
2024-01-09 13:05:00,23.13,23.13,23.13,23.13,0.0,0.0
2024-01-09 13:06:00,23.16,23.17,23.15,23.15,2700.0,62511.0
2024-01-09 13:07:00,23.15,23.15,23.13,23.13,1000.0,23141.0
2024-01-09 13:08:00,23.13,23.13,23.12,23.12,500.0,11563.0
2024-01-09 13:09:00,23.12,23.12,23.11,23.11,2600.0,60098.0
2024-01-09 13:10:00,23.11,23.11,23.11,23.11,0.0,0.0
2024-01-09 13:11:00,23.13,23.13,23.11,23.11,2000.0,46226.0
2024-01-09 13:12:00,23.13,23.13,23.13,23.13,700.0,16191.0
2024-01-09 13:13:00,23.13,23.13,23.12,23.12,600.0,13875.0
2024-01-09 13:14:00,23.12,23.12,23.11,23.11,1000.0,23114.0
2024-01-09 13:15:00,23.11,23.11,23.11,23.11,0.0,0.0
2024-01-09 13:16:00,23.11,23.11,23.06,23.06,700.0,16149.0
2024-01-09 13:17:00,23.05,23.07,23.05,23.05,700.0,16137.0
2024-01-09 13:18:00,23.05,23.05,23.04,23.05,1700.0,39180.0
2024-01-09 13:19:00,23.06,23.06,23.04,23.04,700.0,16132.0
2024-01-09 13:20:00,23.04,23.04,23.03,23.04,1700.0,39164.0
2024-01-09 13:21:00,23.04,23.05,23.04,23.05,400.0,9538.0
2024-01-09 13:22:00,23.05,23.05,23.04,23.05,400.0,9218.0
2024-01-09 13:23:00,23.05,23.05,23.04,23.04,2000.0,46099.0
2024-01-09 13:24:00,23.04,23.04,23.04,23.04,1100.0,25021.0
2024-01-09 13:25:00,23.03,23.04,23.03,23.04,1100.0,25340.0
2024-01-09 13:26:00,23.03,23.03,23.03,23.03,700.0,16121.0
2024-01-09 13:27:00,23.03,23.03,23.03,23.03,400.0,9212.0
2024-01-09 13:28:00,23.03,23.03,23.03,23.03,200.0,4606.0
2024-01-09 13:29:00,23.02,23.02,23.02,23.02,900.0,20718.0
2024-01-09 13:30:00,23.02,23.02,23.02,23.02,300.0,6907.0
2024-01-09 13:31:00,23.02,23.02,23.02,23.02,100.0,2302.0
2024-01-09 13:32:00,23.03,23.03,23.03,23.03,300.0,6909.0
2024-01-09 13:33:00,23.04,23.05,23.04,23.05,300.0,6913.0
2024-01-09 13:34:00,23.05,23.12,23.05,23.12,2300.0,53054.0
2024-01-09 13:35:00,23.09,23.09,23.09,23.09,100.0,2309.0
2024-01-09 13:36:00,23.11,23.12,23.11,23.12,400.0,9246.0
2024-01-09 13:37:00,23.1,23.1,23.1,23.1,200.0,4620.0
2024-01-09 13:38:00,23.09,23.09,23.06,23.06,300.0,6924.0
2024-01-09 13:39:00,23.06,23.06,23.06,23.06,300.0,6918.0
2024-01-09 13:40:00,23.09,23.09,23.09,23.09,800.0,18472.0
2024-01-09 13:41:00,23.07,23.07,23.07,23.07,200.0,4614.0
2024-01-09 13:42:00,23.08,23.08,23.08,23.08,200.0,4616.0
2024-01-09 13:43:00,23.06,23.07,23.06,23.07,300.0,6920.0
2024-01-09 13:44:00,23.05,23.05,23.05,23.05,1000.0,23050.0
2024-01-09 13:45:00,23.03,23.07,23.03,23.07,2300.0,52973.0
2024-01-09 13:46:00,23.03,23.03,23.02,23.02,700.0,16117.0
2024-01-09 13:47:00,23.02,23.03,23.02,23.02,600.0,13814.0
2024-01-09 13:48:00,23.03,23.03,23.03,23.03,300.0,6909.0
2024-01-09 13:49:00,23.03,23.03,23.03,23.03,100.0,2303.0
2024-01-09 13:50:00,23.03,23.03,23.03,23.03,0.0,0.0
2024-01-09 13:51:00,23.04,23.04,23.03,23.03,200.0,4607.0
2024-01-09 13:52:00,23.03,23.03,23.03,23.03,0.0,0.0
2024-01-09 13:53:00,23.03,23.03,23.03,23.03,2300.0,52969.0
2024-01-09 13:54:00,23.03,23.03,23.03,23.03,0.0,0.0
2024-01-09 13:55:00,23.04,23.04,23.04,23.04,200.0,4608.0
2024-01-09 13:56:00,23.04,23.04,23.04,23.04,0.0,0.0
2024-01-09 13:57:00,23.04,23.05,23.03,23.05,3700.0,85225.0
2024-01-09 13:58:00,23.03,23.03,23.02,23.03,8100.0,186510.0
2024-01-09 13:59:00,23.02,23.04,23.02,23.04,300.0,6908.0
2024-01-09 14:00:00,23.04,23.05,23.02,23.05,4000.0,92157.0
2024-01-09 14:01:00,23.05,23.05,23.05,23.05,600.0,13830.0
2024-01-09 14:02:00,23.04,23.04,23.04,23.04,1000.0,23040.0
2024-01-09 14:03:00,23.04,23.04,23.04,23.04,0.0,0.0
2024-01-09 14:04:00,23.04,23.05,23.04,23.04,2300.0,52993.0
2024-01-09 14:05:00,23.05,23.05,23.04,23.04,2800.0,64537.0
2024-01-09 14:06:00,23.05,23.05,23.05,23.05,600.0,13830.0
2024-01-09 14:07:00,23.08,23.08,23.08,23.08,100.0,2308.0
2024-01-09 14:08:00,23.08,23.08,23.08,23.08,200.0,4616.0
2024-01-09 14:09:00,23.08,23.08,23.08,23.08,200.0,4616.0
2024-01-09 14:10:00,23.07,23.11,23.07,23.11,2600.0,60059.0
2024-01-09 14:11:00,23.11,23.11,23.11,23.11,0.0,0.0
2024-01-09 14:12:00,23.14,23.14,23.14,23.14,300.0,6942.0
2024-01-09 14:13:00,23.12,23.12,23.1,23.1,1000.0,23114.0
2024-01-09 14:14:00,23.1,23.1,23.1,23.1,0.0,0.0
2024-01-09 14:15:00,23.06,23.06,23.06,23.06,700.0,16142.0
2024-01-09 14:16:00,23.06,23.1,23.05,23.1,4300.0,99224.0
2024-01-09 14:17:00,23.1,23.1,23.08,23.1,1100.0,25406.0
2024-01-09 14:18:00,23.09,23.09,23.09,23.09,2400.0,55416.0
2024-01-09 14:19:00,23.08,23.09,23.08,23.08,3400.0,78502.0
2024-01-09 14:20:00,23.09,23.09,23.09,23.09,1500.0,34635.0
2024-01-09 14:21:00,23.11,23.11,23.09,23.09,1800.0,41594.0
2024-01-09 14:22:00,23.09,23.09,23.09,23.09,0.0,0.0
2024-01-09 14:23:00,23.09,23.09,23.09,23.09,0.0,0.0
2024-01-09 14:24:00,23.09,23.09,23.09,23.09,0.0,0.0
2024-01-09 14:25:00,23.12,23.12,23.12,23.12,100.0,2312.0
2024-01-09 14:26:00,23.14,23.14,23.12,23.13,700.0,16187.0
2024-01-09 14:27:00,23.12,23.14,23.12,23.12,3000.0,69407.0
2024-01-09 14:28:00,23.13,23.13,23.12,23.12,2600.0,60137.0
2024-01-09 14:29:00,23.12,23.12,23.12,23.12,500.0,11560.0
2024-01-09 14:30:00,23.13,23.13,23.12,23.12,400.0,9249.0
2024-01-09 14:31:00,23.15,23.16,23.15,23.16,300.0,6947.0
2024-01-09 14:32:00,23.16,23.16,23.16,23.16,300.0,6948.0
2024-01-09 14:33:00,23.16,23.17,23.16,23.17,600.0,13898.0
2024-01-09 14:34:00,23.17,23.17,23.17,23.17,0.0,0.0
2024-01-09 14:35:00,23.17,23.17,23.17,23.17,500.0,11585.0
2024-01-09 14:36:00,23.16,23.16,23.16,23.16,300.0,6948.0
2024-01-09 14:37:00,23.17,23.17,23.17,23.17,100.0,2317.0
2024-01-09 14:38:00,23.16,23.16,23.16,23.16,400.0,9264.0
2024-01-09 14:39:00,23.16,23.16,23.16,23.16,300.0,6948.0
2024-01-09 14:40:00,23.17,23.17,23.17,23.17,100.0,2317.0
2024-01-09 14:41:00,23.17,23.17,23.17,23.17,0.0,0.0
2024-01-09 14:42:00,23.18,23.18,23.18,23.18,5300.0,122854.0
2024-01-09 14:43:00,23.19,23.19,23.19,23.19,4000.0,92760.0
2024-01-09 14:44:00,23.2,23.2,23.2,23.2,400.0,9281.0
2024-01-09 14:45:00,23.26,23.27,23.26,23.27,3300.0,76766.0
2024-01-09 14:46:00,23.26,23.26,23.21,23.21,13000.0,302384.0
2024-01-09 14:47:00,23.21,23.26,23.21,23.26,300.0,6973.0
2024-01-09 14:48:00,23.26,23.27,23.24,23.27,4400.0,102330.0
2024-01-09 14:49:00,23.27,23.27,23.22,23.27,7100.0,165207.0
2024-01-09 14:50:00,23.27,23.27,23.21,23.21,14900.0,346681.0
2024-01-09 14:51:00,23.21,23.22,23.21,23.22,2800.0,65010.0
2024-01-09 14:52:00,23.21,23.23,23.21,23.23,600.0,13936.0
2024-01-09 14:53:00,23.2,23.2,23.2,23.2,1400.0,32481.0
2024-01-09 14:54:00,23.2,23.2,23.19,23.19,2400.0,55671.0
2024-01-09 14:55:00,23.19,23.19,23.19,23.19,200.0,4638.0
2024-01-09 14:56:00,23.19,23.21,23.19,23.21,1200.0,27840.0
2024-01-09 14:57:00,23.23,23.23,23.18,23.18,2000.0,46405.0
2024-01-09 14:58:00,23.18,23.18,23.18,23.18,0.0,0.0
2024-01-09 14:59:00,23.18,23.18,23.18,23.18,0.0,0.0
2024-01-09 15:00:00,23.22,23.22,23.22,23.22,4200.0,97524.0
2024-01-10 09:31:00,23.19,23.19,23.02,23.06,7500.0,173017.0
2024-01-10 09:32:00,23.06,23.09,23.04,23.05,3100.0,71498.0
2024-01-10 09:33:00,23.07,23.08,23.07,23.07,4500.0,103826.0
2024-01-10 09:34:00,23.04,23.37,23.02,23.04,28400.0,660172.0
2024-01-10 09:35:00,23.03,23.09,23.03,23.06,4500.0,103805.0
2024-01-10 09:36:00,23.06,23.07,23.02,23.02,6200.0,142848.0
2024-01-10 09:37:00,23.01,23.01,23.0,23.0,7200.0,165623.0
2024-01-10 09:38:00,23.0,23.01,23.0,23.01,11500.0,264599.0
2024-01-10 09:39:00,22.98,22.98,22.97,22.98,2900.0,66636.0
2024-01-10 09:40:00,22.98,23.01,22.98,22.98,17700.0,406933.0
2024-01-10 09:41:00,23.01,23.04,22.98,23.01,5400.0,124263.0
2024-01-10 09:42:00,23.01,23.03,23.0,23.0,6700.0,154222.0
2024-01-10 09:43:00,23.01,23.02,22.99,23.0,8100.0,186328.0
2024-01-10 09:44:00,23.0,23.0,22.97,22.98,2300.0,52872.0
2024-01-10 09:45:00,22.98,22.98,22.96,22.96,3100.0,71209.0
2024-01-10 09:46:00,22.96,22.96,22.95,22.95,1300.0,29847.0
2024-01-10 09:47:00,22.97,23.07,22.97,23.07,8000.0,184127.0
2024-01-10 09:48:00,23.07,23.21,23.07,23.12,1900.0,43883.0
2024-01-10 09:49:00,23.12,23.12,23.12,23.12,500.0,11560.0
2024-01-10 09:50:00,23.12,23.16,23.12,23.16,4900.0,113328.0
2024-01-10 09:51:00,23.15,23.17,23.14,23.16,10300.0,238552.0
2024-01-10 09:52:00,23.16,23.17,23.08,23.08,26200.0,606653.0
2024-01-10 09:53:00,23.12,23.13,23.12,23.13,1100.0,25434.0
2024-01-10 09:54:00,23.14,23.14,23.13,23.13,1100.0,25453.0
2024-01-10 09:55:00,23.16,23.18,23.15,23.18,10000.0,231593.0
2024-01-10 09:56:00,23.18,23.18,23.18,23.18,3000.0,69540.0
2024-01-10 09:57:00,23.21,23.23,23.21,23.21,2600.0,60370.0
2024-01-10 09:58:00,23.25,23.26,23.25,23.26,1100.0,25581.0
2024-01-10 09:59:00,23.31,23.34,23.31,23.33,8800.0,205050.0
2024-01-10 10:00:00,23.33,23.34,23.28,23.28,3000.0,69906.0
2024-01-10 10:01:00,23.33,23.38,23.33,23.38,18200.0,425068.0
2024-01-10 10:02:00,23.38,23.4,23.38,23.39,9600.0,224467.0
2024-01-10 10:03:00,23.4,23.42,23.4,23.41,9300.0,217673.0
2024-01-10 10:04:00,23.42,23.42,23.41,23.42,5200.0,121738.0
2024-01-10 10:05:00,23.41,23.41,23.29,23.29,47100.0,1102488.0
2024-01-10 10:06:00,23.29,23.29,23.29,23.29,0.0,0.0
2024-01-10 10:07:00,23.36,23.36,23.36,23.36,600.0,14016.0
2024-01-10 10:08:00,23.32,23.35,23.32,23.35,3100.0,72295.0
2024-01-10 10:09:00,23.31,23.32,23.31,23.32,1100.0,25651.0
2024-01-10 10:10:00,23.29,23.31,23.29,23.31,8800.0,204929.0
2024-01-10 10:11:00,23.31,23.31,23.29,23.29,1400.0,32606.0
2024-01-10 10:12:00,23.28,23.28,23.28,23.28,900.0,20952.0
2024-01-10 10:13:00,23.25,23.25,23.25,23.25,200.0,4650.0
2024-01-10 10:14:00,23.25,23.3,23.25,23.3,600.0,13966.0
2024-01-10 10:15:00,23.27,23.27,23.26,23.26,1500.0,34891.0
2024-01-10 10:16:00,23.3,23.3,23.29,23.3,4800.0,111794.0
2024-01-10 10:17:00,23.33,23.33,23.33,23.33,600.0,13998.0
2024-01-10 10:18:00,23.33,23.33,23.33,23.33,0.0,0.0
2024-01-10 10:19:00,23.38,23.38,23.37,23.37,1800.0,42077.0
2024-01-10 10:20:00,23.4,23.4,23.4,23.4,100.0,2340.0
2024-01-10 10:21:00,23.41,23.41,23.38,23.38,1800.0,42107.0
2024-01-10 10:22:00,23.38,23.38,23.35,23.35,1800.0,42063.0
2024-01-10 10:23:00,23.36,23.37,23.36,23.37,2500.0,58383.0
2024-01-10 10:24:00,23.36,23.36,23.35,23.35,2200.0,51386.0
2024-01-10 10:25:00,23.35,23.35,23.35,23.35,0.0,0.0
2024-01-10 10:26:00,23.32,23.32,23.31,23.31,1100.0,25647.0
2024-01-10 10:27:00,23.34,23.35,23.34,23.35,700.0,16343.0
2024-01-10 10:28:00,23.35,23.36,23.35,23.36,800.0,18683.0
2024-01-10 10:29:00,23.38,23.38,23.38,23.38,200.0,4676.0
2024-01-10 10:30:00,23.35,23.35,23.32,23.33,2000.0,46694.0
2024-01-10 10:31:00,23.33,23.33,23.32,23.32,1300.0,30328.0
2024-01-10 10:32:00,23.32,23.32,23.32,23.32,100.0,2332.0
2024-01-10 10:33:00,23.32,23.33,23.32,23.33,1200.0,27992.0
2024-01-10 10:34:00,23.33,23.33,23.33,23.33,200.0,4666.0
2024-01-10 10:35:00,23.35,23.37,23.35,23.37,500.0,11682.0
2024-01-10 10:36:00,23.37,23.37,23.35,23.35,700.0,16347.0
2024-01-10 10:37:00,23.34,23.34,23.34,23.34,300.0,7002.0
2024-01-10 10:38:00,23.34,23.34,23.34,23.34,0.0,0.0
2024-01-10 10:39:00,23.35,23.35,23.35,23.35,600.0,14010.0
2024-01-10 10:40:00,23.37,23.37,23.36,23.36,700.0,16356.0
2024-01-10 10:41:00,23.35,23.37,23.34,23.37,1100.0,25681.0
2024-01-10 10:42:00,23.37,23.37,23.37,23.37,0.0,0.0
2024-01-10 10:43:00,23.32,23.32,23.32,23.32,600.0,13992.0
2024-01-10 10:44:00,23.37,23.39,23.37,23.39,23300.0,544621.0
2024-01-10 10:45:00,23.38,23.38,23.38,23.38,500.0,11690.0
2024-01-10 10:46:00,23.39,23.4,23.38,23.4,1500.0,35084.0
2024-01-10 10:47:00,23.4,23.44,23.4,23.44,15600.0,365269.0
2024-01-10 10:48:00,23.44,23.45,23.43,23.45,11400.0,267222.0
2024-01-10 10:49:00,23.44,23.45,23.44,23.44,8200.0,192209.0
2024-01-10 10:50:00,23.42,23.42,23.42,23.42,2400.0,56208.0
2024-01-10 10:51:00,23.42,23.42,23.42,23.42,100.0,2342.0
2024-01-10 10:52:00,23.42,23.42,23.42,23.42,600.0,14052.0
2024-01-10 10:53:00,23.38,23.38,23.38,23.38,1700.0,39761.0
2024-01-10 10:54:00,23.37,23.37,23.37,23.37,700.0,16359.0
2024-01-10 10:55:00,23.36,23.36,23.36,23.36,200.0,4672.0
2024-01-10 10:56:00,23.36,23.36,23.36,23.36,500.0,11680.0
2024-01-10 10:57:00,23.36,23.36,23.36,23.36,0.0,0.0
2024-01-10 10:58:00,23.36,23.36,23.36,23.36,500.0,11680.0
2024-01-10 10:59:00,23.37,23.39,23.37,23.38,2200.0,51427.0
2024-01-10 11:00:00,23.38,23.38,23.38,23.38,100.0,2338.0
2024-01-10 11:01:00,23.37,23.37,23.37,23.37,200.0,4674.0
2024-01-10 11:02:00,23.37,23.37,23.33,23.33,1600.0,37345.0
2024-01-10 11:03:00,23.33,23.33,23.33,23.33,0.0,0.0
2024-01-10 11:04:00,23.33,23.33,23.33,23.33,0.0,0.0
2024-01-10 11:05:00,23.33,23.33,23.33,23.33,0.0,0.0
2024-01-10 11:06:00,23.33,23.33,23.33,23.33,0.0,0.0
2024-01-10 11:07:00,23.34,23.35,23.34,23.35,800.0,18673.0
2024-01-10 11:08:00,23.34,23.34,23.34,23.34,800.0,18672.0
2024-01-10 11:09:00,23.35,23.35,23.35,23.35,800.0,18680.0
2024-01-10 11:10:00,23.35,23.35,23.35,23.35,0.0,0.0
2024-01-10 11:11:00,23.32,23.32,23.32,23.32,1400.0,32660.0
2024-01-10 11:12:00,23.32,23.32,23.32,23.32,0.0,0.0
2024-01-10 11:13:00,23.33,23.33,23.33,23.33,700.0,16331.0
2024-01-10 11:14:00,23.33,23.33,23.33,23.33,0.0,0.0
2024-01-10 11:15:00,23.33,23.33,23.33,23.33,100.0,2333.0
2024-01-10 11:16:00,23.33,23.33,23.33,23.33,0.0,0.0
2024-01-10 11:17:00,23.33,23.33,23.33,23.33,0.0,0.0
2024-01-10 11:18:00,23.33,23.33,23.33,23.33,0.0,0.0
2024-01-10 11:19:00,23.31,23.31,23.29,23.29,300.0,6990.0
2024-01-10 11:20:00,23.29,23.31,23.29,23.31,800.0,18640.0
2024-01-10 11:21:00,23.31,23.4,23.26,23.4,3600.0,83980.0
2024-01-10 11:22:00,23.33,23.33,23.33,23.33,1500.0,34985.0
2024-01-10 11:23:00,23.33,23.33,23.3,23.33,800.0,18652.0
2024-01-10 11:24:00,23.3,23.3,23.3,23.3,800.0,18640.0
2024-01-10 11:25:00,23.29,23.29,23.26,23.26,300.0,6981.0
2024-01-10 11:26:00,23.26,23.26,23.26,23.26,0.0,0.0
2024-01-10 11:27:00,23.26,23.26,23.26,23.26,500.0,11630.0
2024-01-10 11:28:00,23.3,23.3,23.26,23.28,5300.0,123354.0
2024-01-10 11:29:00,23.26,23.28,23.26,23.28,800.0,18615.0
2024-01-10 11:30:00,23.28,23.28,23.27,23.27,1500.0,34915.0
2024-01-10 13:01:00,23.26,23.27,23.26,23.27,2700.0,62820.0
2024-01-10 13:02:00,23.27,23.27,23.26,23.26,1900.0,44203.0
2024-01-10 13:03:00,23.26,23.26,23.26,23.26,0.0,0.0
2024-01-10 13:04:00,23.24,23.24,23.24,23.24,1100.0,25564.0
2024-01-10 13:05:00,23.24,23.24,23.24,23.24,0.0,0.0
2024-01-10 13:06:00,23.25,23.26,23.24,23.24,800.0,18599.0
2024-01-10 13:07:00,23.25,23.25,23.25,23.25,200.0,4650.0
2024-01-10 13:08:00,23.24,23.25,23.24,23.25,3500.0,81343.0
2024-01-10 13:09:00,23.25,23.25,23.25,23.25,0.0,0.0
2024-01-10 13:10:00,23.25,23.25,23.25,23.25,0.0,0.0
2024-01-10 13:11:00,23.22,23.22,23.21,23.21,700.0,16252.0
2024-01-10 13:12:00,23.22,23.22,23.22,23.22,800.0,18576.0
2024-01-10 13:13:00,23.22,23.22,23.22,23.22,200.0,4644.0
2024-01-10 13:14:00,22.96,23.22,22.96,23.22,28800.0,663894.0
2024-01-10 13:15:00,23.22,23.22,23.22,23.22,0.0,0.0
2024-01-10 13:16:00,23.22,23.23,23.22,23.23,1100.0,25551.0
2024-01-10 13:17:00,23.23,23.23,23.23,23.23,700.0,16261.0
2024-01-10 13:18:00,23.23,23.23,23.23,23.23,200.0,4646.0
2024-01-10 13:19:00,23.23,23.23,23.23,23.23,0.0,0.0
2024-01-10 13:20:00,23.23,23.23,23.23,23.23,0.0,0.0
2024-01-10 13:21:00,23.19,23.19,23.19,23.19,200.0,4638.0
2024-01-10 13:22:00,23.18,23.18,23.18,23.18,800.0,18544.0
2024-01-10 13:23:00,23.18,23.18,23.18,23.18,500.0,11590.0
2024-01-10 13:24:00,23.18,23.18,23.18,23.18,0.0,0.0
2024-01-10 13:25:00,23.18,23.18,23.18,23.18,0.0,0.0
2024-01-10 13:26:00,23.18,23.18,23.18,23.18,900.0,20862.0
2024-01-10 13:27:00,23.19,23.2,23.19,23.2,400.0,9277.0
2024-01-10 13:28:00,23.2,23.2,23.2,23.2,900.0,20880.0
2024-01-10 13:29:00,23.2,23.2,23.2,23.2,200.0,4640.0
2024-01-10 13:30:00,23.2,23.2,23.2,23.2,0.0,0.0
2024-01-10 13:31:00,23.19,23.19,23.18,23.18,3800.0,88121.0
2024-01-10 13:32:00,23.18,23.18,23.18,23.18,0.0,0.0
2024-01-10 13:33:00,23.18,23.18,23.18,23.18,0.0,0.0
2024-01-10 13:34:00,23.18,23.18,23.18,23.18,0.0,0.0
2024-01-10 13:35:00,23.18,23.18,23.18,23.18,3200.0,74176.0
2024-01-10 13:36:00,23.17,23.17,23.17,23.17,1400.0,32438.0
2024-01-10 13:37:00,23.17,23.17,23.15,23.15,12900.0,298706.0
2024-01-10 13:38:00,22.96,22.96,22.96,22.96,10000.0,230786.0
2024-01-10 13:39:00,23.18,23.18,22.96,22.96,10300.0,237547.0
2024-01-10 13:40:00,23.18,23.18,23.18,23.18,900.0,20862.0
2024-01-10 13:41:00,23.17,23.17,23.17,23.17,500.0,11585.0
2024-01-10 13:42:00,23.16,23.18,23.16,23.18,800.0,18530.0
2024-01-10 13:43:00,23.18,23.18,23.18,23.18,0.0,0.0
2024-01-10 13:44:00,23.16,23.16,23.16,23.16,500.0,11580.0
2024-01-10 13:45:00,23.16,23.18,23.16,23.18,300.0,6950.0
2024-01-10 13:46:00,23.18,23.18,23.18,23.18,0.0,0.0
2024-01-10 13:47:00,23.19,23.19,23.19,23.19,100.0,2319.0
2024-01-10 13:48:00,23.19,23.2,23.19,23.2,1200.0,27836.0
2024-01-10 13:49:00,23.2,23.2,23.2,23.2,200.0,4640.0
2024-01-10 13:50:00,23.2,23.2,23.2,23.2,500.0,11600.0
2024-01-10 13:51:00,23.2,23.2,23.2,23.2,600.0,13920.0
2024-01-10 13:52:00,23.2,23.22,23.2,23.22,2800.0,64975.0
2024-01-10 13:53:00,23.22,23.22,23.22,23.22,0.0,0.0
2024-01-10 13:54:00,23.22,23.22,23.22,23.22,0.0,0.0
2024-01-10 13:55:00,23.2,23.2,23.2,23.2,300.0,6960.0
2024-01-10 13:56:00,23.21,23.21,23.21,23.21,600.0,13926.0
2024-01-10 13:57:00,23.22,23.22,23.22,23.22,3500.0,81270.0
2024-01-10 13:58:00,23.23,23.23,23.23,23.23,200.0,4646.0
2024-01-10 13:59:00,23.25,23.27,23.23,23.27,800.0,18593.0
2024-01-10 14:00:00,23.27,23.29,23.27,23.29,900.0,20957.0
2024-01-10 14:01:00,23.29,23.29,23.29,23.29,7700.0,179333.0
2024-01-10 14:02:00,23.29,23.29,23.29,23.29,0.0,0.0
2024-01-10 14:03:00,23.23,23.27,23.21,23.27,15400.0,358130.0
2024-01-10 14:04:00,23.27,23.27,23.27,23.27,0.0,0.0
2024-01-10 14:05:00,23.25,23.25,23.19,23.19,1400.0,32520.0
2024-01-10 14:06:00,23.17,23.17,23.17,23.17,300.0,6952.0
2024-01-10 14:07:00,23.17,23.17,23.17,23.17,0.0,0.0
2024-01-10 14:08:00,23.17,23.17,23.17,23.17,0.0,0.0
2024-01-10 14:09:00,23.17,23.17,23.17,23.17,0.0,0.0
2024-01-10 14:10:00,23.25,23.25,23.25,23.25,1900.0,44153.0
2024-01-10 14:11:00,23.25,23.25,23.25,23.25,0.0,0.0
2024-01-10 14:12:00,23.25,23.25,23.25,23.25,300.0,6975.0
2024-01-10 14:13:00,23.23,23.23,23.23,23.23,100.0,2323.0
2024-01-10 14:14:00,23.22,23.22,23.2,23.2,600.0,13922.0
2024-01-10 14:15:00,23.25,23.25,23.25,23.25,200.0,4650.0
2024-01-10 14:16:00,23.22,23.22,23.22,23.22,300.0,6966.0
2024-01-10 14:17:00,23.22,23.22,23.22,23.22,0.0,0.0
2024-01-10 14:18:00,23.21,23.21,23.2,23.2,800.0,18565.0
2024-01-10 14:19:00,23.23,23.23,23.23,23.23,100.0,2323.0
2024-01-10 14:20:00,23.23,23.23,23.23,23.23,0.0,0.0
2024-01-10 14:21:00,23.2,23.2,23.2,23.2,100.0,2320.0
2024-01-10 14:22:00,23.19,23.2,23.19,23.2,4600.0,106712.0
2024-01-10 14:23:00,23.19,23.19,23.19,23.19,100.0,2319.0
2024-01-10 14:24:00,23.2,23.2,23.19,23.19,1000.0,23193.0
2024-01-10 14:25:00,23.19,23.2,23.19,23.2,600.0,13918.0
2024-01-10 14:26:00,23.19,23.19,23.19,23.19,500.0,11595.0
2024-01-10 14:27:00,23.2,23.2,23.2,23.2,400.0,9280.0
2024-01-10 14:28:00,23.18,23.22,23.18,23.22,1100.0,25537.0
2024-01-10 14:29:00,23.18,23.22,23.18,23.19,1600.0,37133.0
2024-01-10 14:30:00,23.19,23.19,23.19,23.19,300.0,6957.0
2024-01-10 14:31:00,23.19,23.19,23.18,23.18,1900.0,44045.0
2024-01-10 14:32:00,23.18,23.18,23.18,23.18,1300.0,30134.0
2024-01-10 14:33:00,23.19,23.19,23.19,23.19,1100.0,25509.0
2024-01-10 14:34:00,23.19,23.22,23.17,23.22,1600.0,37125.0
2024-01-10 14:35:00,23.22,23.22,23.17,23.21,1100.0,25529.0
2024-01-10 14:36:00,23.17,23.22,23.17,23.22,800.0,18544.0
2024-01-10 14:37:00,23.22,23.22,23.22,23.22,800.0,18572.0
2024-01-10 14:38:00,23.22,23.22,23.22,23.22,0.0,0.0
2024-01-10 14:39:00,23.18,23.22,23.18,23.18,1800.0,41776.0
2024-01-10 14:40:00,23.18,23.23,23.18,23.18,1300.0,30184.0
2024-01-10 14:41:00,23.21,23.22,23.18,23.18,1800.0,41742.0
2024-01-10 14:42:00,23.23,23.23,23.22,23.22,2100.0,48757.0
2024-01-10 14:43:00,23.22,23.22,23.22,23.22,0.0,0.0
2024-01-10 14:44:00,23.2,23.21,23.2,23.2,1500.0,34802.0
2024-01-10 14:45:00,23.21,23.21,23.2,23.2,1000.0,23206.0
2024-01-10 14:46:00,23.2,23.2,23.19,23.19,2300.0,53351.0
2024-01-10 14:47:00,23.19,23.19,23.15,23.17,7300.0,169165.0
2024-01-10 14:48:00,23.17,23.17,23.17,23.17,1800.0,41706.0
2024-01-10 14:49:00,23.15,23.16,23.15,23.16,900.0,20840.0
2024-01-10 14:50:00,23.15,23.17,23.11,23.11,4700.0,108726.0
2024-01-10 14:51:00,23.16,23.16,23.11,23.15,3700.0,85635.0
2024-01-10 14:52:00,23.12,23.14,23.1,23.14,3600.0,83190.0
2024-01-10 14:53:00,23.08,23.08,23.08,23.08,200.0,4616.0
2024-01-10 14:54:00,23.08,23.14,23.08,23.1,9300.0,215140.0
2024-01-10 14:55:00,23.13,23.15,23.09,23.09,10600.0,245013.0
2024-01-10 14:56:00,23.09,23.13,23.09,23.11,4000.0,92449.0
2024-01-10 14:57:00,23.11,23.15,23.1,23.14,27300.0,631905.0
2024-01-10 14:58:00,23.22,23.22,23.22,23.22,1000.0,23220.0
2024-01-10 14:59:00,23.22,23.22,23.22,23.22,0.0,0.0
2024-01-10 15:00:00,23.16,23.16,23.16,23.16,6900.0,159804.0
2024-01-11 09:31:00,23.34,23.34,23.0,23.1,12100.0,280538.0
2024-01-11 09:32:00,23.1,23.1,23.04,23.04,13800.0,318232.0
2024-01-11 09:33:00,23.04,23.08,23.04,23.08,2900.0,66846.0
2024-01-11 09:34:00,23.08,23.08,23.04,23.07,1500.0,34593.0
2024-01-11 09:35:00,23.06,23.06,23.0,23.0,19600.0,450668.0
2024-01-11 09:36:00,23.01,23.02,22.99,23.02,10100.0,232399.0
2024-01-11 09:37:00,23.03,23.03,22.97,22.98,10200.0,234533.0
2024-01-11 09:38:00,22.98,23.07,22.98,23.07,27900.0,647009.0
2024-01-11 09:39:00,23.03,23.03,23.01,23.02,5000.0,115078.0
2024-01-11 09:40:00,23.02,23.02,22.98,22.98,9600.0,220817.0
2024-01-11 09:41:00,22.97,23.02,22.95,23.02,6200.0,142426.0
2024-01-11 09:42:00,23.02,23.02,23.01,23.01,4800.0,110472.0
2024-01-11 09:43:00,23.0,23.04,23.0,23.04,2800.0,64426.0
2024-01-11 09:44:00,23.04,23.05,23.0,23.0,2900.0,66759.0
2024-01-11 09:45:00,23.01,23.03,23.0,23.03,11000.0,253127.0
2024-01-11 09:46:00,23.03,23.03,22.98,23.01,11000.0,252958.0
2024-01-11 09:47:00,23.01,23.01,23.01,23.01,4500.0,103545.0
2024-01-11 09:48:00,23.04,23.04,23.03,23.03,1100.0,25339.0
2024-01-11 09:49:00,23.04,23.08,23.04,23.08,3100.0,71455.0
2024-01-11 09:50:00,23.08,23.08,23.07,23.08,3000.0,69219.0
2024-01-11 09:51:00,23.08,23.11,23.07,23.11,1100.0,25393.0
2024-01-11 09:52:00,23.14,23.14,23.14,23.14,200.0,4628.0
2024-01-11 09:53:00,23.11,23.11,23.1,23.1,800.0,18488.0
2024-01-11 09:54:00,23.13,23.15,23.13,23.13,4000.0,92528.0
2024-01-11 09:55:00,23.12,23.13,23.12,23.13,700.0,16188.0
2024-01-11 09:56:00,23.1,23.14,23.1,23.14,11400.0,263436.0
2024-01-11 09:57:00,23.14,23.14,23.13,23.13,900.0,20819.0
2024-01-11 09:58:00,23.12,23.13,23.11,23.11,600.0,13870.0
2024-01-11 09:59:00,23.13,23.13,23.13,23.13,100.0,2313.0
2024-01-11 10:00:00,23.12,23.12,23.09,23.09,1100.0,25414.0
2024-01-11 10:01:00,23.11,23.11,23.11,23.11,1200.0,27732.0
2024-01-11 10:02:00,23.15,23.16,23.14,23.14,3100.0,71748.0
2024-01-11 10:03:00,23.14,23.14,23.13,23.14,700.0,16194.0
2024-01-11 10:04:00,23.12,23.12,23.11,23.11,700.0,16181.0
2024-01-11 10:05:00,23.11,23.11,23.09,23.1,5200.0,120151.0
2024-01-11 10:06:00,23.1,23.1,23.09,23.09,2600.0,60036.0
2024-01-11 10:07:00,23.09,23.1,23.09,23.1,3300.0,76202.0
2024-01-11 10:08:00,23.1,23.1,23.06,23.06,300.0,6926.0
2024-01-11 10:09:00,23.1,23.1,23.09,23.09,1200.0,27719.0
2024-01-11 10:10:00,23.09,23.11,23.06,23.11,1800.0,41524.0
2024-01-11 10:11:00,23.06,23.06,23.06,23.06,300.0,6918.0
2024-01-11 10:12:00,23.07,23.08,23.07,23.08,800.0,18458.0
2024-01-11 10:13:00,23.06,23.11,23.06,23.11,3500.0,80760.0
2024-01-11 10:14:00,23.12,23.12,23.12,23.12,1500.0,34678.0
2024-01-11 10:15:00,23.12,23.16,23.1,23.16,3500.0,80996.0
2024-01-11 10:16:00,23.16,23.2,23.16,23.2,4000.0,92641.0
2024-01-11 10:17:00,23.16,23.18,23.16,23.18,1200.0,27824.0
2024-01-11 10:18:00,23.23,23.23,23.2,23.22,3300.0,76599.0
2024-01-11 10:19:00,23.22,23.22,23.22,23.22,1500.0,34826.0
2024-01-11 10:20:00,23.2,23.2,23.2,23.2,400.0,9280.0
2024-01-11 10:21:00,23.21,23.25,23.21,23.24,1900.0,44135.0
2024-01-11 10:22:00,23.17,23.17,23.15,23.15,1900.0,44006.0
2024-01-11 10:23:00,23.16,23.16,23.16,23.16,100.0,2316.0
2024-01-11 10:24:00,23.16,23.16,23.16,23.16,0.0,0.0
2024-01-11 10:25:00,23.1,23.1,23.1,23.1,400.0,9240.0
2024-01-11 10:26:00,23.09,23.13,23.09,23.13,1000.0,23094.0
2024-01-11 10:27:00,23.1,23.13,23.1,23.13,1700.0,39284.0
2024-01-11 10:28:00,23.12,23.12,23.1,23.1,400.0,9242.0
2024-01-11 10:29:00,23.12,23.15,23.12,23.15,900.0,20817.0
2024-01-11 10:30:00,23.1,23.1,23.1,23.1,900.0,20805.0
2024-01-11 10:31:00,23.17,23.17,23.17,23.17,400.0,9264.0
2024-01-11 10:32:00,23.17,23.18,23.15,23.18,2600.0,60218.0
2024-01-11 10:33:00,23.17,23.17,23.17,23.17,100.0,2317.0
2024-01-11 10:34:00,23.15,23.15,23.12,23.12,1600.0,37031.0
2024-01-11 10:35:00,23.15,23.15,23.13,23.13,600.0,13888.0
2024-01-11 10:36:00,23.16,23.17,23.16,23.17,800.0,18530.0
2024-01-11 10:37:00,23.14,23.14,23.14,23.14,100.0,2314.0
2024-01-11 10:38:00,23.14,23.18,23.14,23.18,800.0,18526.0
2024-01-11 10:39:00,23.13,23.13,23.13,23.13,200.0,4626.0
2024-01-11 10:40:00,23.13,23.13,23.13,23.13,0.0,0.0
2024-01-11 10:41:00,23.14,23.16,23.14,23.16,1100.0,25474.0
2024-01-11 10:42:00,23.15,23.16,23.15,23.15,1700.0,39368.0
2024-01-11 10:43:00,23.14,23.14,23.14,23.14,100.0,2314.0
2024-01-11 10:44:00,23.14,23.14,23.14,23.14,0.0,0.0
2024-01-11 10:45:00,23.15,23.15,23.15,23.15,200.0,4630.0
2024-01-11 10:46:00,23.16,23.16,23.16,23.16,100.0,2316.0
2024-01-11 10:47:00,23.16,23.16,23.16,23.16,0.0,0.0
2024-01-11 10:48:00,23.13,23.13,23.13,23.13,1300.0,30069.0
2024-01-11 10:49:00,23.13,23.13,23.13,23.13,100.0,2313.0
2024-01-11 10:50:00,23.12,23.12,23.12,23.12,100.0,2312.0
2024-01-11 10:51:00,23.14,23.14,23.14,23.14,700.0,16198.0
2024-01-11 10:52:00,23.14,23.14,23.14,23.14,0.0,0.0
2024-01-11 10:53:00,23.11,23.11,23.1,23.1,5400.0,124752.0
2024-01-11 10:54:00,23.08,23.1,23.08,23.1,1100.0,25402.0
2024-01-11 10:55:00,23.08,23.08,23.06,23.08,1100.0,25376.0
2024-01-11 10:56:00,23.07,23.07,23.07,23.07,200.0,4614.0
2024-01-11 10:57:00,23.07,23.07,23.07,23.07,0.0,0.0
2024-01-11 10:58:00,23.07,23.07,23.07,23.07,200.0,4614.0
2024-01-11 10:59:00,23.07,23.07,23.07,23.07,0.0,0.0
2024-01-11 11:00:00,23.07,23.07,23.07,23.07,0.0,0.0
2024-01-11 11:01:00,23.07,23.07,23.07,23.07,200.0,4614.0
2024-01-11 11:02:00,23.08,23.08,23.08,23.08,1600.0,36931.0
2024-01-11 11:03:00,23.07,23.07,23.06,23.07,2500.0,57680.0
2024-01-11 11:04:00,23.07,23.07,23.07,23.07,700.0,16149.0
2024-01-11 11:05:00,23.09,23.1,23.09,23.1,900.0,20779.0
2024-01-11 11:06:00,23.1,23.1,23.1,23.1,0.0,0.0
2024-01-11 11:07:00,23.1,23.1,23.1,23.1,100.0,2310.0
2024-01-11 11:08:00,23.1,23.1,23.1,23.1,100.0,2310.0
2024-01-11 11:09:00,23.1,23.1,23.1,23.1,0.0,0.0
2024-01-11 11:10:00,23.1,23.1,23.1,23.1,0.0,0.0
2024-01-11 11:11:00,23.11,23.11,23.11,23.11,3600.0,83166.0
2024-01-11 11:12:00,23.11,23.11,23.11,23.11,0.0,0.0
2024-01-11 11:13:00,23.11,23.11,23.11,23.11,0.0,0.0
2024-01-11 11:14:00,23.11,23.11,23.11,23.11,0.0,0.0
2024-01-11 11:15:00,23.11,23.11,23.11,23.11,0.0,0.0
2024-01-11 11:16:00,23.1,23.1,23.1,23.1,300.0,6930.0
2024-01-11 11:17:00,23.11,23.13,23.11,23.13,3800.0,87878.0
2024-01-11 11:18:00,23.13,23.13,23.13,23.13,0.0,0.0
2024-01-11 11:19:00,23.12,23.12,23.12,23.12,300.0,6936.0
2024-01-11 11:20:00,23.12,23.12,23.12,23.12,0.0,0.0
2024-01-11 11:21:00,23.12,23.12,23.12,23.12,0.0,0.0
2024-01-11 11:22:00,23.14,23.14,23.14,23.14,100.0,2314.0
2024-01-11 11:23:00,23.14,23.14,23.14,23.14,0.0,0.0
2024-01-11 11:24:00,23.12,23.12,23.12,23.12,200.0,6289.0
2024-01-11 11:25:00,23.14,23.14,23.14,23.14,300.0,6942.0
2024-01-11 11:26:00,23.12,23.12,23.12,23.12,100.0,2312.0
2024-01-11 11:27:00,23.12,23.12,23.12,23.12,100.0,2312.0
2024-01-11 11:28:00,23.12,23.12,23.12,23.12,300.0,6936.0
2024-01-11 11:29:00,23.13,23.13,23.13,23.13,100.0,2313.0
2024-01-11 11:30:00,23.13,23.13,23.13,23.13,0.0,0.0
2024-01-11 13:01:00,23.15,23.16,23.15,23.16,2200.0,50925.0
2024-01-11 13:02:00,23.13,23.15,23.13,23.15,1900.0,43979.0
2024-01-11 13:03:00,23.14,23.15,23.14,23.15,1800.0,41663.0
2024-01-11 13:04:00,23.15,23.18,23.15,23.16,1400.0,32439.0
2024-01-11 13:05:00,23.16,23.19,23.15,23.19,1100.0,25474.0
2024-01-11 13:06:00,23.2,23.23,23.2,23.23,3400.0,78942.0
2024-01-11 13:07:00,23.25,23.26,23.23,23.26,10100.0,234651.0
2024-01-11 13:08:00,23.25,23.3,23.25,23.3,2800.0,65141.0
2024-01-11 13:09:00,23.26,23.29,23.26,23.29,1100.0,25611.0
2024-01-11 13:10:00,23.28,23.28,23.28,23.28,600.0,13968.0
2024-01-11 13:11:00,23.28,23.31,23.28,23.3,8300.0,193350.0
2024-01-11 13:12:00,23.3,23.33,23.3,23.33,5300.0,123539.0
2024-01-11 13:13:00,23.3,23.3,23.26,23.26,1700.0,39566.0
2024-01-11 13:14:00,23.26,23.26,23.26,23.26,100.0,2326.0
2024-01-11 13:15:00,23.31,23.32,23.31,23.32,700.0,16321.0
2024-01-11 13:16:00,23.31,23.32,23.31,23.32,2500.0,58280.0
2024-01-11 13:17:00,23.31,23.31,23.3,23.31,1300.0,30296.0
2024-01-11 13:18:00,23.29,23.29,23.29,23.29,600.0,13974.0
2024-01-11 13:19:00,23.29,23.29,23.29,23.29,600.0,13974.0
2024-01-11 13:20:00,23.3,23.33,23.3,23.33,7000.0,163229.0
2024-01-11 13:21:00,23.33,23.35,23.33,23.34,14000.0,326642.0
2024-01-11 13:22:00,23.34,23.34,23.31,23.33,9000.0,209896.0
2024-01-11 13:23:00,23.33,23.36,23.32,23.36,1200.0,28009.0
2024-01-11 13:24:00,23.38,23.38,23.38,23.38,500.0,11690.0
2024-01-11 13:25:00,23.37,23.37,23.32,23.32,1100.0,25702.0
2024-01-11 13:26:00,23.32,23.34,23.32,23.34,200.0,4666.0
2024-01-11 13:27:00,23.32,23.32,23.31,23.31,6800.0,158562.0
2024-01-11 13:28:00,23.31,23.31,23.31,23.31,0.0,0.0
2024-01-11 13:29:00,23.32,23.34,23.32,23.34,1500.0,34989.0
2024-01-11 13:30:00,23.33,23.34,23.33,23.34,2400.0,55993.0
2024-01-11 13:31:00,23.32,23.34,23.32,23.34,800.0,18669.0
2024-01-11 13:32:00,23.34,23.34,23.33,23.33,900.0,21003.0
2024-01-11 13:33:00,23.33,23.35,23.3,23.3,5400.0,125969.0
2024-01-11 13:34:00,23.31,23.35,23.31,23.35,2200.0,51366.0
2024-01-11 13:35:00,23.34,23.34,23.33,23.33,500.0,11666.0
2024-01-11 13:36:00,23.34,23.34,23.33,23.33,200.0,4667.0
2024-01-11 13:37:00,23.34,23.34,23.34,23.34,600.0,14004.0
2024-01-11 13:38:00,23.34,23.34,23.34,23.34,0.0,0.0
2024-01-11 13:39:00,23.34,23.34,23.34,23.34,1100.0,25674.0
2024-01-11 13:40:00,23.35,23.35,23.34,23.35,1700.0,39690.0
2024-01-11 13:41:00,23.35,23.35,23.35,23.35,2300.0,53705.0
2024-01-11 13:42:00,23.35,23.35,23.35,23.35,0.0,0.0
2024-01-11 13:43:00,23.34,23.35,23.34,23.34,1100.0,25680.0
2024-01-11 13:44:00,23.34,23.34,23.34,23.34,500.0,11670.0
2024-01-11 13:45:00,23.33,23.33,23.33,23.33,100.0,2333.0
2024-01-11 13:46:00,23.34,23.34,23.34,23.34,200.0,4668.0
2024-01-11 13:47:00,23.35,23.35,23.35,23.35,37200.0,861100.0
2024-01-11 13:48:00,23.34,23.34,23.34,23.34,300.0,7002.0
2024-01-11 13:49:00,23.34,23.34,23.34,23.34,300.0,7002.0
2024-01-11 13:50:00,23.35,23.36,23.35,23.36,5300.0,123798.0
2024-01-11 13:51:00,23.37,23.37,23.37,23.37,5000.0,116850.0
2024-01-11 13:52:00,23.37,23.37,23.37,23.37,900.0,21033.0
2024-01-11 13:53:00,23.36,23.36,23.36,23.36,2600.0,60736.0
2024-01-11 13:54:00,23.36,23.36,23.36,23.36,0.0,0.0
2024-01-11 13:55:00,23.37,23.37,23.37,23.37,200.0,4674.0
2024-01-11 13:56:00,23.37,23.37,23.37,23.37,0.0,0.0
2024-01-11 13:57:00,23.37,23.37,23.37,23.37,100.0,2337.0
2024-01-11 13:58:00,23.37,23.37,23.37,23.37,0.0,0.0
2024-01-11 13:59:00,23.37,23.37,23.34,23.34,500.0,11673.0
2024-01-11 14:00:00,23.34,23.34,23.34,23.34,0.0,0.0
2024-01-11 14:01:00,23.36,23.36,23.34,23.34,300.0,7004.0
2024-01-11 14:02:00,23.34,23.34,23.34,23.34,4100.0,95693.0
2024-01-11 14:03:00,23.33,23.33,23.33,23.33,900.0,20997.0
2024-01-11 14:04:00,23.31,23.31,23.3,23.3,1200.0,27961.0
2024-01-11 14:05:00,23.3,23.3,23.3,23.3,300.0,6990.0
2024-01-11 14:06:00,23.31,23.31,23.31,23.31,100.0,2331.0
2024-01-11 14:07:00,23.32,23.33,23.32,23.33,1800.0,41978.0
2024-01-11 14:08:00,23.31,23.31,23.31,23.31,700.0,16317.0
2024-01-11 14:09:00,23.31,23.31,23.31,23.31,300.0,6993.0
2024-01-11 14:10:00,23.31,23.31,23.31,23.31,600.0,13986.0
2024-01-11 14:11:00,23.31,23.31,23.31,23.31,200.0,4662.0
2024-01-11 14:12:00,23.31,23.32,23.31,23.32,600.0,13991.0
2024-01-11 14:13:00,23.32,23.32,23.32,23.32,0.0,0.0
2024-01-11 14:14:00,23.32,23.32,23.32,23.32,0.0,0.0
2024-01-11 14:15:00,23.32,23.32,23.32,23.32,0.0,0.0
2024-01-11 14:16:00,23.32,23.32,23.32,23.32,100.0,2332.0
2024-01-11 14:17:00,23.3,23.3,23.3,23.3,100.0,2330.0
2024-01-11 14:18:00,23.3,23.3,23.3,23.3,0.0,0.0
2024-01-11 14:19:00,23.3,23.3,23.3,23.3,100.0,2330.0
2024-01-11 14:20:00,23.3,23.3,23.3,23.3,200.0,4660.0
2024-01-11 14:21:00,23.3,23.3,23.3,23.3,0.0,0.0
2024-01-11 14:22:00,23.3,23.31,23.27,23.27,2200.0,51255.0
2024-01-11 14:23:00,23.29,23.29,23.29,23.29,100.0,2329.0
2024-01-11 14:24:00,23.29,23.29,23.29,23.29,0.0,0.0
2024-01-11 14:25:00,23.3,23.3,23.3,23.3,200.0,4660.0
2024-01-11 14:26:00,23.32,23.34,23.31,23.33,2100.0,48989.0
2024-01-11 14:27:00,23.33,23.33,23.32,23.32,700.0,16330.0
2024-01-11 14:28:00,23.32,23.32,23.32,23.32,200.0,4664.0
2024-01-11 14:29:00,23.32,23.33,23.31,23.33,1700.0,39649.0
2024-01-11 14:30:00,23.33,23.33,23.33,23.33,400.0,9332.0
2024-01-11 14:31:00,23.33,23.33,23.33,23.33,300.0,6999.0
2024-01-11 14:32:00,23.32,23.33,23.32,23.33,3300.0,76987.0
2024-01-11 14:33:00,23.32,23.32,23.32,23.32,2500.0,58300.0
2024-01-11 14:34:00,23.32,23.32,23.32,23.32,0.0,0.0
2024-01-11 14:35:00,23.32,23.32,23.32,23.32,500.0,11660.0
2024-01-11 14:36:00,23.31,23.31,23.31,23.31,100.0,2331.0
2024-01-11 14:37:00,23.31,23.32,23.31,23.31,1300.0,30310.0
2024-01-11 14:38:00,23.32,23.33,23.31,23.31,600.0,13993.0
2024-01-11 14:39:00,23.33,23.35,23.33,23.35,6200.0,144672.0
2024-01-11 14:40:00,23.36,23.36,23.33,23.33,2600.0,60692.0
2024-01-11 14:41:00,23.33,23.34,23.33,23.33,1500.0,35000.0
2024-01-11 14:42:00,23.33,23.33,23.33,23.33,600.0,13998.0
2024-01-11 14:43:00,23.33,23.33,23.33,23.33,0.0,0.0
2024-01-11 14:44:00,23.33,23.33,23.33,23.33,100.0,2333.0
2024-01-11 14:45:00,23.33,23.34,23.33,23.34,3900.0,91041.0
2024-01-11 14:46:00,23.34,23.34,23.34,23.34,300.0,7002.0
2024-01-11 14:47:00,23.35,23.36,23.35,23.36,5800.0,135474.0
2024-01-11 14:48:00,23.37,23.4,23.36,23.4,11900.0,278220.0
2024-01-11 14:49:00,23.38,23.38,23.37,23.38,600.0,14025.0
2024-01-11 14:50:00,23.39,23.39,23.37,23.38,1200.0,28047.0
2024-01-11 14:51:00,23.38,23.38,23.37,23.37,1200.0,28050.0
2024-01-11 14:52:00,23.36,23.36,23.31,23.31,8300.0,193561.0
2024-01-11 14:53:00,23.36,23.36,23.36,23.36,1600.0,37376.0
2024-01-11 14:54:00,23.36,23.36,23.32,23.32,1500.0,34990.0
2024-01-11 14:55:00,23.33,23.37,23.32,23.36,2400.0,56062.0
2024-01-11 14:56:00,23.32,23.35,23.32,23.35,800.0,18076.0
2024-01-11 14:57:00,23.35,23.37,23.35,23.35,1500.0,35035.0
2024-01-11 14:58:00,23.35,23.35,23.35,23.35,0.0,0.0
2024-01-11 14:59:00,23.35,23.35,23.35,23.35,0.0,0.0
2024-01-11 15:00:00,23.38,23.38,23.38,23.38,12300.0,287574.0
2024-01-12 09:31:00,23.29,23.35,23.29,23.35,20900.0,487030.0
2024-01-12 09:32:00,23.39,23.39,23.32,23.37,7400.0,172953.0
2024-01-12 09:33:00,23.38,23.45,23.38,23.45,3400.0,79590.0
2024-01-12 09:34:00,23.45,23.47,23.44,23.46,6700.0,157137.0
2024-01-12 09:35:00,23.46,23.47,23.45,23.45,1000.0,23466.0
2024-01-12 09:36:00,23.45,23.45,23.43,23.43,3100.0,72681.0
2024-01-12 09:37:00,23.44,23.5,23.44,23.5,21600.0,507006.0
2024-01-12 09:38:00,23.52,23.6,23.52,23.6,15800.0,371922.0
2024-01-12 09:39:00,23.6,23.67,23.6,23.64,6000.0,141809.0
2024-01-12 09:40:00,23.64,23.64,23.6,23.6,7200.0,170140.0
2024-01-12 09:41:00,23.63,23.66,23.59,23.66,25300.0,598063.0
2024-01-12 09:42:00,23.66,23.71,23.66,23.7,12600.0,298322.0
2024-01-12 09:43:00,23.7,23.71,23.68,23.69,7200.0,170558.0
2024-01-12 09:44:00,23.66,23.68,23.63,23.63,5000.0,118304.0
2024-01-12 09:45:00,23.6,23.65,23.6,23.61,3300.0,77951.0
2024-01-12 09:46:00,23.65,23.65,23.61,23.61,1900.0,44927.0
2024-01-12 09:47:00,23.61,23.62,23.61,23.62,2900.0,68482.0
2024-01-12 09:48:00,23.62,23.63,23.6,23.6,3000.0,70856.0
2024-01-12 09:49:00,23.62,23.65,23.62,23.65,2400.0,56716.0
2024-01-12 09:50:00,23.65,23.65,23.63,23.63,2200.0,52026.0
2024-01-12 09:51:00,23.62,23.65,23.61,23.63,1800.0,42527.0
2024-01-12 09:52:00,23.61,23.61,23.61,23.61,400.0,9444.0
2024-01-12 09:53:00,23.59,23.6,23.59,23.6,400.0,9437.0
2024-01-12 09:54:00,23.6,23.6,23.6,23.6,0.0,0.0
2024-01-12 09:55:00,23.58,23.58,23.58,23.58,100.0,2358.0
2024-01-12 09:56:00,23.57,23.58,23.57,23.58,7900.0,186275.0
2024-01-12 09:57:00,23.59,23.59,23.59,23.59,1000.0,23590.0
2024-01-12 09:58:00,23.58,23.58,23.57,23.57,700.0,16502.0
2024-01-12 09:59:00,23.56,23.57,23.56,23.56,3900.0,91897.0
2024-01-12 10:00:00,23.57,23.57,23.57,23.57,200.0,4714.0
2024-01-12 10:01:00,23.58,23.59,23.58,23.59,1600.0,37720.0
2024-01-12 10:02:00,23.59,23.61,23.59,23.61,200.0,4720.0
2024-01-12 10:03:00,23.61,23.61,23.59,23.59,800.0,18874.0
2024-01-12 10:04:00,23.61,23.61,23.61,23.61,900.0,21245.0
2024-01-12 10:05:00,23.61,23.63,23.61,23.63,1400.0,33080.0
2024-01-12 10:06:00,23.66,23.66,23.66,23.66,1700.0,40222.0
2024-01-12 10:07:00,23.66,23.66,23.65,23.65,1200.0,28391.0
2024-01-12 10:08:00,23.66,23.66,23.64,23.64,1800.0,42555.0
2024-01-12 10:09:00,23.66,23.66,23.65,23.65,2200.0,52031.0
2024-01-12 10:10:00,23.65,23.65,23.65,23.65,0.0,0.0
2024-01-12 10:11:00,23.65,23.65,23.63,23.63,700.0,16545.0
2024-01-12 10:12:00,23.63,23.63,23.62,23.62,1800.0,42517.0
2024-01-12 10:13:00,23.62,23.62,23.61,23.61,300.0,7085.0
2024-01-12 10:14:00,23.61,23.62,23.61,23.62,700.0,16531.0
2024-01-12 10:15:00,23.61,23.65,23.61,23.65,4000.0,94586.0
2024-01-12 10:16:00,23.65,23.65,23.65,23.65,0.0,0.0
2024-01-12 10:17:00,23.65,23.65,23.65,23.65,0.0,0.0
2024-01-12 10:18:00,23.64,23.65,23.64,23.65,900.0,21283.0
2024-01-12 10:19:00,23.65,23.65,23.64,23.65,3300.0,78044.0
2024-01-12 10:20:00,23.66,23.66,23.65,23.65,200.0,4731.0
2024-01-12 10:21:00,23.66,23.66,23.65,23.66,1200.0,28390.0
2024-01-12 10:22:00,23.66,23.66,23.65,23.65,2700.0,63871.0
2024-01-12 10:23:00,23.64,23.69,23.64,23.65,70400.0,1654718.0
2024-01-12 10:24:00,23.66,23.7,23.65,23.7,17200.0,407239.0
2024-01-12 10:25:00,23.7,23.7,23.66,23.66,200.0,4736.0
2024-01-12 10:26:00,23.66,23.66,23.66,23.66,0.0,0.0
2024-01-12 10:27:00,23.69,23.69,23.66,23.66,3600.0,85278.0
2024-01-12 10:28:00,23.68,23.68,23.66,23.66,500.0,11836.0
2024-01-12 10:29:00,23.67,23.68,23.67,23.67,1500.0,34639.0
2024-01-12 10:30:00,23.67,23.68,23.66,23.68,4100.0,97070.0
2024-01-12 10:31:00,23.69,23.69,23.68,23.68,400.0,9475.0
2024-01-12 10:32:00,23.68,23.71,23.68,23.71,8700.0,206227.0
2024-01-12 10:33:00,23.68,23.68,23.68,23.68,1000.0,23682.0
2024-01-12 10:34:00,23.68,23.68,23.68,23.68,0.0,0.0
2024-01-12 10:35:00,23.69,23.69,23.67,23.67,5800.0,138171.0
2024-01-12 10:36:00,23.62,23.62,23.6,23.6,1000.0,23610.0
2024-01-12 10:37:00,23.61,23.63,23.61,23.61,1300.0,30695.0
2024-01-12 10:38:00,23.61,23.61,23.61,23.61,600.0,14166.0
2024-01-12 10:39:00,23.64,23.64,23.64,23.64,400.0,9456.0
2024-01-12 10:40:00,23.62,23.62,23.62,23.62,200.0,4724.0
2024-01-12 10:41:00,23.62,23.62,23.62,23.62,0.0,0.0
2024-01-12 10:42:00,23.62,23.62,23.61,23.61,600.0,14167.0
2024-01-12 10:43:00,23.62,23.62,23.62,23.62,100.0,2362.0
2024-01-12 10:44:00,23.61,23.61,23.6,23.6,700.0,16526.0
2024-01-12 10:45:00,23.6,23.6,23.6,23.6,100.0,2360.0
2024-01-12 10:46:00,23.6,23.6,23.6,23.6,1900.0,44840.0
2024-01-12 10:47:00,23.6,23.62,23.6,23.62,2300.0,54292.0
2024-01-12 10:48:00,23.63,23.63,23.62,23.62,400.0,9450.0
2024-01-12 10:49:00,23.62,23.62,23.62,23.62,0.0,0.0
2024-01-12 10:50:00,23.61,23.61,23.61,23.61,400.0,9444.0
2024-01-12 10:51:00,23.6,23.6,23.6,23.6,3000.0,70800.0
2024-01-12 10:52:00,23.6,23.6,23.6,23.6,0.0,0.0
2024-01-12 10:53:00,23.6,23.6,23.6,23.6,0.0,0.0
2024-01-12 10:54:00,23.6,23.6,23.6,23.6,0.0,0.0
2024-01-12 10:55:00,23.62,23.64,23.62,23.64,2100.0,49620.0
2024-01-12 10:56:00,23.64,23.64,23.64,23.64,200.0,4728.0
2024-01-12 10:57:00,23.65,23.65,23.65,23.65,100.0,2365.0
2024-01-12 10:58:00,23.65,23.65,23.65,23.65,0.0,0.0
2024-01-12 10:59:00,23.64,23.64,23.63,23.63,2200.0,52005.0
2024-01-12 11:00:00,23.63,23.65,23.63,23.65,1600.0,37818.0
2024-01-12 11:01:00,23.63,23.63,23.63,23.63,300.0,7089.0
2024-01-12 11:02:00,23.62,23.62,23.6,23.6,1200.0,28329.0
2024-01-12 11:03:00,23.6,23.6,23.6,23.6,0.0,0.0
2024-01-12 11:04:00,23.6,23.6,23.6,23.6,2800.0,66080.0
2024-01-12 11:05:00,23.6,23.6,23.59,23.59,700.0,16518.0
2024-01-12 11:06:00,23.61,23.61,23.57,23.57,400.0,9436.0
2024-01-12 11:07:00,23.57,23.57,23.57,23.57,0.0,0.0
2024-01-12 11:08:00,23.57,23.57,23.57,23.57,100.0,2357.0
2024-01-12 11:09:00,23.57,23.57,23.57,23.57,0.0,0.0
2024-01-12 11:10:00,23.57,23.57,23.57,23.57,0.0,0.0
2024-01-12 11:11:00,23.57,23.57,23.57,23.57,0.0,0.0
2024-01-12 11:12:00,23.56,23.56,23.56,23.56,1300.0,30628.0
2024-01-12 11:13:00,23.56,23.56,23.56,23.56,0.0,0.0
2024-01-12 11:14:00,23.56,23.56,23.56,23.56,100.0,2356.0
2024-01-12 11:15:00,23.59,23.59,23.59,23.59,500.0,11791.0
2024-01-12 11:16:00,23.59,23.59,23.59,23.59,200.0,4718.0
2024-01-12 11:17:00,23.56,23.56,23.56,23.56,1600.0,37696.0
2024-01-12 11:18:00,23.56,23.56,23.55,23.55,1000.0,23551.0
2024-01-12 11:19:00,23.55,23.55,23.54,23.54,300.0,7064.0
2024-01-12 11:20:00,23.55,23.55,23.54,23.54,1100.0,25895.0
2024-01-12 11:21:00,23.57,23.57,23.57,23.57,500.0,11777.0
2024-01-12 11:22:00,23.55,23.55,23.55,23.55,100.0,2355.0
2024-01-12 11:23:00,23.55,23.55,23.55,23.55,3400.0,80070.0
2024-01-12 11:24:00,23.54,23.54,23.54,23.54,300.0,7062.0
2024-01-12 11:25:00,23.54,23.54,23.54,23.54,0.0,0.0
2024-01-12 11:26:00,23.54,23.54,23.54,23.54,300.0,7062.0
2024-01-12 11:27:00,23.54,23.54,23.53,23.53,1100.0,25892.0
2024-01-12 11:28:00,23.54,23.54,23.54,23.54,600.0,14124.0
2024-01-12 11:29:00,23.55,23.55,23.55,23.55,900.0,21195.0
2024-01-12 11:30:00,23.55,23.55,23.54,23.54,2700.0,63566.0
2024-01-12 13:01:00,23.56,23.56,23.51,23.51,1100.0,25884.0
2024-01-12 13:02:00,23.51,23.51,23.51,23.51,100.0,2351.0
2024-01-12 13:03:00,23.51,23.51,23.51,23.51,0.0,0.0
2024-01-12 13:04:00,23.51,23.51,23.51,23.51,300.0,7053.0
2024-01-12 13:05:00,23.51,23.51,23.51,23.51,0.0,0.0
2024-01-12 13:06:00,23.46,23.46,23.46,23.46,300.0,7038.0
2024-01-12 13:07:00,23.46,23.46,23.46,23.46,0.0,0.0
2024-01-12 13:08:00,23.47,23.47,23.47,23.47,500.0,11735.0
2024-01-12 13:09:00,23.47,23.47,23.47,23.47,100.0,2347.0
2024-01-12 13:10:00,23.47,23.47,23.47,23.47,0.0,0.0
2024-01-12 13:11:00,23.48,23.51,23.48,23.51,2100.0,49344.0
2024-01-12 13:12:00,23.51,23.51,23.51,23.51,0.0,0.0
2024-01-12 13:13:00,23.5,23.5,23.47,23.49,2200.0,51677.0
2024-01-12 13:14:00,23.49,23.49,23.49,23.49,2200.0,51668.0
2024-01-12 13:15:00,23.49,23.49,23.48,23.48,800.0,18791.0
2024-01-12 13:16:00,23.48,23.48,23.46,23.46,600.0,14086.0
2024-01-12 13:17:00,23.46,23.46,23.46,23.46,0.0,0.0
2024-01-12 13:18:00,23.46,23.46,23.46,23.46,1300.0,30498.0
2024-01-12 13:19:00,23.46,23.46,23.46,23.46,0.0,0.0
2024-01-12 13:20:00,23.41,23.41,23.41,23.41,1300.0,30456.0
2024-01-12 13:21:00,23.45,23.46,23.45,23.46,200.0,4691.0
2024-01-12 13:22:00,23.46,23.46,23.46,23.46,0.0,0.0
2024-01-12 13:23:00,23.44,23.44,23.44,23.44,100.0,2344.0
2024-01-12 13:24:00,23.41,23.41,23.41,23.41,600.0,14047.0
2024-01-12 13:25:00,23.42,23.42,23.42,23.42,600.0,14052.0
2024-01-12 13:26:00,23.42,23.42,23.42,23.42,400.0,9368.0
2024-01-12 13:27:00,23.42,23.42,23.42,23.42,0.0,0.0
2024-01-12 13:28:00,23.42,23.42,23.42,23.42,0.0,0.0
2024-01-12 13:29:00,23.42,23.42,23.42,23.42,0.0,0.0
2024-01-12 13:30:00,23.44,23.44,23.44,23.44,200.0,4688.0
2024-01-12 13:31:00,23.44,23.44,23.44,23.44,100.0,2344.0
2024-01-12 13:32:00,23.45,23.45,23.45,23.45,300.0,7035.0
2024-01-12 13:33:00,23.42,23.42,23.42,23.42,500.0,11710.0
2024-01-12 13:34:00,23.42,23.42,23.42,23.42,0.0,0.0
2024-01-12 13:35:00,23.42,23.42,23.42,23.42,0.0,0.0
2024-01-12 13:36:00,23.42,23.42,23.42,23.42,0.0,0.0
2024-01-12 13:37:00,23.44,23.44,23.42,23.42,1100.0,25780.0
2024-01-12 13:38:00,23.42,23.42,23.42,23.42,0.0,0.0
2024-01-12 13:39:00,23.44,23.44,23.44,23.44,600.0,14064.0
2024-01-12 13:40:00,23.44,23.44,23.44,23.44,0.0,0.0
2024-01-12 13:41:00,23.45,23.45,23.45,23.45,1200.0,28140.0
2024-01-12 13:42:00,23.45,23.45,23.44,23.44,1400.0,32827.0
2024-01-12 13:43:00,23.44,23.44,23.44,23.44,4600.0,107824.0
2024-01-12 13:44:00,23.42,23.42,23.41,23.41,2000.0,46839.0
2024-01-12 13:45:00,23.41,23.41,23.41,23.41,100.0,2341.0
2024-01-12 13:46:00,23.41,23.41,23.41,23.41,600.0,14046.0
2024-01-12 13:47:00,23.41,23.41,23.41,23.41,0.0,0.0
2024-01-12 13:48:00,23.4,23.4,23.4,23.4,200.0,4680.0
2024-01-12 13:49:00,23.4,23.4,23.4,23.4,100.0,2340.0
2024-01-12 13:50:00,23.38,23.38,23.38,23.38,200.0,4676.0
2024-01-12 13:51:00,23.38,23.38,23.38,23.38,1600.0,37408.0
2024-01-12 13:52:00,23.36,23.36,23.36,23.36,100.0,2336.0
2024-01-12 13:53:00,23.36,23.36,23.36,23.36,100.0,2336.0
2024-01-12 13:54:00,23.36,23.36,23.36,23.36,3000.0,70080.0
2024-01-12 13:55:00,23.35,23.35,23.35,23.35,100.0,2335.0
2024-01-12 13:56:00,23.35,23.35,23.35,23.35,2000.0,46700.0
2024-01-12 13:57:00,23.38,23.4,23.38,23.4,3100.0,72473.0
2024-01-12 13:58:00,23.39,23.4,23.39,23.4,200.0,4679.0
2024-01-12 13:59:00,23.4,23.4,23.4,23.4,100.0,2340.0
2024-01-12 14:00:00,23.4,23.4,23.4,23.4,100.0,2340.0
2024-01-12 14:01:00,23.4,23.4,23.4,23.4,400.0,9360.0
2024-01-12 14:02:00,23.4,23.4,23.4,23.4,100.0,2340.0
2024-01-12 14:03:00,23.4,23.4,23.38,23.38,2900.0,67853.0
2024-01-12 14:04:00,23.38,23.38,23.37,23.38,400.0,9350.0
2024-01-12 14:05:00,23.41,23.41,23.41,23.41,600.0,14046.0
2024-01-12 14:06:00,23.41,23.42,23.41,23.41,1300.0,30435.0
2024-01-12 14:07:00,23.41,23.41,23.41,23.41,200.0,4682.0
2024-01-12 14:08:00,23.41,23.41,23.41,23.41,0.0,0.0
2024-01-12 14:09:00,23.42,23.43,23.41,23.43,3100.0,72580.0
2024-01-12 14:10:00,23.41,23.44,23.41,23.44,1600.0,37492.0
2024-01-12 14:11:00,23.44,23.44,23.44,23.44,0.0,0.0
2024-01-12 14:12:00,23.42,23.42,23.42,23.42,400.0,9368.0
2024-01-12 14:13:00,23.44,23.44,23.44,23.44,100.0,2344.0
2024-01-12 14:14:00,23.44,23.44,23.44,23.44,0.0,0.0
2024-01-12 14:15:00,23.44,23.45,23.44,23.44,800.0,18756.0
2024-01-12 14:16:00,23.44,23.44,23.44,23.44,0.0,0.0
2024-01-12 14:17:00,23.44,23.44,23.44,23.44,0.0,0.0
2024-01-12 14:18:00,23.44,23.44,23.44,23.44,0.0,0.0
2024-01-12 14:19:00,23.42,23.42,23.42,23.42,100.0,2342.0
2024-01-12 14:20:00,23.42,23.42,23.42,23.42,0.0,0.0
2024-01-12 14:21:00,23.43,23.44,23.43,23.44,400.0,9375.0
2024-01-12 14:22:00,23.44,23.44,23.44,23.44,100.0,2344.0
2024-01-12 14:23:00,23.44,23.44,23.44,23.44,0.0,0.0
2024-01-12 14:24:00,23.43,23.43,23.43,23.43,300.0,7029.0
2024-01-12 14:25:00,23.42,23.42,23.42,23.42,1900.0,44503.0
2024-01-12 14:26:00,23.42,23.42,23.42,23.42,900.0,21078.0
2024-01-12 14:27:00,23.42,23.42,23.41,23.41,2600.0,60882.0
2024-01-12 14:28:00,23.4,23.4,23.4,23.4,1400.0,32760.0
2024-01-12 14:29:00,23.4,23.4,23.4,23.4,500.0,11700.0
2024-01-12 14:30:00,23.41,23.41,23.41,23.41,700.0,16387.0
2024-01-12 14:31:00,23.41,23.41,23.4,23.4,2500.0,58521.0
2024-01-12 14:32:00,23.4,23.4,23.4,23.4,0.0,0.0
2024-01-12 14:33:00,23.36,23.36,23.36,23.36,2800.0,65458.0
2024-01-12 14:34:00,23.36,23.36,23.36,23.36,4000.0,93455.0
2024-01-12 14:35:00,23.39,23.39,23.39,23.39,1400.0,32746.0
2024-01-12 14:36:00,23.37,23.38,23.37,23.38,1700.0,39730.0
2024-01-12 14:37:00,23.39,23.42,23.39,23.41,2200.0,51486.0
2024-01-12 14:38:00,23.4,23.4,23.4,23.4,100.0,2340.0
2024-01-12 14:39:00,23.4,23.4,23.39,23.39,300.0,7018.0
2024-01-12 14:40:00,23.36,23.4,23.36,23.4,1800.0,42075.0
2024-01-12 14:41:00,23.4,23.4,23.4,23.4,200.0,4680.0
2024-01-12 14:42:00,23.38,23.38,23.38,23.38,100.0,2338.0
2024-01-12 14:43:00,23.38,23.4,23.38,23.4,1200.0,28078.0
2024-01-12 14:44:00,23.39,23.41,23.39,23.41,500.0,11699.0
2024-01-12 14:45:00,23.41,23.41,23.41,23.41,100.0,2341.0
2024-01-12 14:46:00,23.39,23.39,23.39,23.39,300.0,7017.0
2024-01-12 14:47:00,23.41,23.41,23.39,23.39,1700.0,39771.0
2024-01-12 14:48:00,23.42,23.42,23.38,23.38,1100.0,25727.0
2024-01-12 14:49:00,23.38,23.39,23.38,23.39,400.0,9353.0
2024-01-12 14:50:00,23.37,23.37,23.37,23.37,600.0,14022.0
2024-01-12 14:51:00,23.38,23.38,23.36,23.36,8700.0,203376.0
2024-01-12 14:52:00,23.36,23.36,23.36,23.36,5100.0,119136.0
2024-01-12 14:53:00,23.36,23.38,23.36,23.36,6500.0,151848.0
2024-01-12 14:54:00,23.36,23.38,23.36,23.36,300.0,7010.0
2024-01-12 14:55:00,23.37,23.37,23.36,23.36,1400.0,31818.0
2024-01-12 14:56:00,23.36,23.36,23.36,23.36,5300.0,123811.0
2024-01-12 14:57:00,23.38,23.38,23.32,23.32,8400.0,196100.0
2024-01-12 14:58:00,23.32,23.32,23.32,23.32,0.0,0.0
2024-01-12 14:59:00,23.32,23.32,23.32,23.32,0.0,0.0
2024-01-12 15:00:00,23.33,23.33,23.33,23.33,4300.0,100319.0
